20230705 195
20230705 196
20230705 199
20230705 200
20230705 209
20230705 210
20230705 213
20230705 214
20230705 223
20230705 224
20230705 227
20230705 228
20230705 237
20230705 238
20230705 241
20230705 242
20230705 252
20230705 253
20230705 256
20230705 257
20230705 266
20230705 267
20230705 270
20230705 271
20230705 280
20230705 281
20230705 284
20230705 285
20230705 294
20230705 295
20230705 298
20230705 299
20230705 308
20230705 309
20230705 312
20230705 313
20230705 322
20230705 323
20230705 379
20230705 380
