0.000000000000000000e+00
1.000000000000000000e+00
2.000000000000000000e+00
3.000000000000000000e+00
4.000000000000000000e+00
5.000000000000000000e+00
6.000000000000000000e+00
7.000000000000000000e+00
8.000000000000000000e+00
9.000000000000000000e+00
1.000000000000000000e+01
1.100000000000000000e+01
1.200000000000000000e+01
1.300000000000000000e+01
1.400000000000000000e+01
1.500000000000000000e+01
1.600000000000000000e+01
1.700000000000000000e+01
1.800000000000000000e+01
1.900000000000000000e+01
2.000000000000000000e+01
2.100000000000000000e+01
2.200000000000000000e+01
2.300000000000000000e+01
2.400000000000000000e+01
2.500000000000000000e+01
2.600000000000000000e+01
2.700000000000000000e+01
2.800000000000000000e+01
2.900000000000000000e+01
3.000000000000000000e+01
3.100000000000000000e+01
3.200000000000000000e+01
3.300000000000000000e+01
3.400000000000000000e+01
3.500000000000000000e+01
3.600000000000000000e+01
3.700000000000000000e+01
3.800000000000000000e+01
3.900000000000000000e+01
4.000000000000000000e+01
4.100000000000000000e+01
4.200000000000000000e+01
4.300000000000000000e+01
4.400000000000000000e+01
4.500000000000000000e+01
4.600000000000000000e+01
4.700000000000000000e+01
4.800000000000000000e+01
4.900000000000000000e+01
5.000000000000000000e+01
5.100000000000000000e+01
5.200000000000000000e+01
5.300000000000000000e+01
5.400000000000000000e+01
5.500000000000000000e+01
5.600000000000000000e+01
5.700000000000000000e+01
5.800000000000000000e+01
5.900000000000000000e+01
6.000000000000000000e+01
6.100000000000000000e+01
6.200000000000000000e+01
6.300000000000000000e+01
5.730000000000000000e+02
5.740000000000000000e+02
5.750000000000000000e+02
5.760000000000000000e+02
5.770000000000000000e+02
5.780000000000000000e+02
5.790000000000000000e+02
5.800000000000000000e+02
5.810000000000000000e+02
5.820000000000000000e+02
5.830000000000000000e+02
5.840000000000000000e+02
5.850000000000000000e+02
5.860000000000000000e+02
5.870000000000000000e+02
5.880000000000000000e+02
5.890000000000000000e+02
5.900000000000000000e+02
5.910000000000000000e+02
5.920000000000000000e+02
5.930000000000000000e+02
5.940000000000000000e+02
5.950000000000000000e+02
5.960000000000000000e+02
5.970000000000000000e+02
5.980000000000000000e+02
5.990000000000000000e+02
6.000000000000000000e+02
6.010000000000000000e+02
6.020000000000000000e+02
6.030000000000000000e+02
6.040000000000000000e+02
6.050000000000000000e+02
6.060000000000000000e+02
6.070000000000000000e+02
6.080000000000000000e+02
6.090000000000000000e+02
6.100000000000000000e+02
6.110000000000000000e+02
6.120000000000000000e+02
6.130000000000000000e+02
6.140000000000000000e+02
6.150000000000000000e+02
6.160000000000000000e+02
6.170000000000000000e+02
6.180000000000000000e+02
6.190000000000000000e+02
6.200000000000000000e+02
6.210000000000000000e+02
6.220000000000000000e+02
6.230000000000000000e+02
6.240000000000000000e+02
6.250000000000000000e+02
6.260000000000000000e+02
6.270000000000000000e+02
6.280000000000000000e+02
6.290000000000000000e+02
6.300000000000000000e+02
6.310000000000000000e+02
6.320000000000000000e+02
6.330000000000000000e+02
6.340000000000000000e+02
6.350000000000000000e+02
6.360000000000000000e+02
6.370000000000000000e+02
6.380000000000000000e+02
6.390000000000000000e+02
1.149000000000000000e+03
1.150000000000000000e+03
1.151000000000000000e+03
1.152000000000000000e+03
1.153000000000000000e+03
1.154000000000000000e+03
1.155000000000000000e+03
1.156000000000000000e+03
1.157000000000000000e+03
1.158000000000000000e+03
1.159000000000000000e+03
1.160000000000000000e+03
1.161000000000000000e+03
1.162000000000000000e+03
1.163000000000000000e+03
1.164000000000000000e+03
1.165000000000000000e+03
1.166000000000000000e+03
1.167000000000000000e+03
1.168000000000000000e+03
1.169000000000000000e+03
1.170000000000000000e+03
1.171000000000000000e+03
1.172000000000000000e+03
1.173000000000000000e+03
1.174000000000000000e+03
1.175000000000000000e+03
1.176000000000000000e+03
1.177000000000000000e+03
1.178000000000000000e+03
1.179000000000000000e+03
1.180000000000000000e+03
1.181000000000000000e+03
1.182000000000000000e+03
1.183000000000000000e+03
1.184000000000000000e+03
1.185000000000000000e+03
1.186000000000000000e+03
1.187000000000000000e+03
1.188000000000000000e+03
1.189000000000000000e+03
1.190000000000000000e+03
1.191000000000000000e+03
1.192000000000000000e+03
1.193000000000000000e+03
1.194000000000000000e+03
1.195000000000000000e+03
1.196000000000000000e+03
1.197000000000000000e+03
1.198000000000000000e+03
1.199000000000000000e+03
1.200000000000000000e+03
1.201000000000000000e+03
1.202000000000000000e+03
1.203000000000000000e+03
1.204000000000000000e+03
1.205000000000000000e+03
1.206000000000000000e+03
1.207000000000000000e+03
1.208000000000000000e+03
1.209000000000000000e+03
1.210000000000000000e+03
1.211000000000000000e+03
1.212000000000000000e+03
1.213000000000000000e+03
1.214000000000000000e+03
1.215000000000000000e+03
1.725000000000000000e+03
1.726000000000000000e+03
1.727000000000000000e+03
1.728000000000000000e+03
1.729000000000000000e+03
1.730000000000000000e+03
1.731000000000000000e+03
1.732000000000000000e+03
1.733000000000000000e+03
1.734000000000000000e+03
1.735000000000000000e+03
1.736000000000000000e+03
1.737000000000000000e+03
1.738000000000000000e+03
1.739000000000000000e+03
1.740000000000000000e+03
1.741000000000000000e+03
1.742000000000000000e+03
1.743000000000000000e+03
1.744000000000000000e+03
1.745000000000000000e+03
1.746000000000000000e+03
1.747000000000000000e+03
1.748000000000000000e+03
1.749000000000000000e+03
1.750000000000000000e+03
1.751000000000000000e+03
1.752000000000000000e+03
1.753000000000000000e+03
1.754000000000000000e+03
1.755000000000000000e+03
1.756000000000000000e+03
1.757000000000000000e+03
1.758000000000000000e+03
1.759000000000000000e+03
1.760000000000000000e+03
1.761000000000000000e+03
1.762000000000000000e+03
1.763000000000000000e+03
1.764000000000000000e+03
1.765000000000000000e+03
1.766000000000000000e+03
1.767000000000000000e+03
1.768000000000000000e+03
1.769000000000000000e+03
1.770000000000000000e+03
1.771000000000000000e+03
1.772000000000000000e+03
1.773000000000000000e+03
1.774000000000000000e+03
1.775000000000000000e+03
1.776000000000000000e+03
1.777000000000000000e+03
1.778000000000000000e+03
1.779000000000000000e+03
1.780000000000000000e+03
1.781000000000000000e+03
1.782000000000000000e+03
1.783000000000000000e+03
1.784000000000000000e+03
1.785000000000000000e+03
1.786000000000000000e+03
1.787000000000000000e+03
1.788000000000000000e+03
1.789000000000000000e+03
1.790000000000000000e+03
1.791000000000000000e+03
2.301000000000000000e+03
2.302000000000000000e+03
2.303000000000000000e+03
2.304000000000000000e+03
2.305000000000000000e+03
2.306000000000000000e+03
2.307000000000000000e+03
2.308000000000000000e+03
2.309000000000000000e+03
2.310000000000000000e+03
2.311000000000000000e+03
2.312000000000000000e+03
2.313000000000000000e+03
2.314000000000000000e+03
2.315000000000000000e+03
2.316000000000000000e+03
2.317000000000000000e+03
2.318000000000000000e+03
2.319000000000000000e+03
2.320000000000000000e+03
2.321000000000000000e+03
2.322000000000000000e+03
2.323000000000000000e+03
2.324000000000000000e+03
2.325000000000000000e+03
2.326000000000000000e+03
2.327000000000000000e+03
2.328000000000000000e+03
2.329000000000000000e+03
2.330000000000000000e+03
2.331000000000000000e+03
2.332000000000000000e+03
2.333000000000000000e+03
2.334000000000000000e+03
2.335000000000000000e+03
2.336000000000000000e+03
2.337000000000000000e+03
2.338000000000000000e+03
2.339000000000000000e+03
2.340000000000000000e+03
2.341000000000000000e+03
2.342000000000000000e+03
2.343000000000000000e+03
2.344000000000000000e+03
2.345000000000000000e+03
2.346000000000000000e+03
2.347000000000000000e+03
2.348000000000000000e+03
2.349000000000000000e+03
2.350000000000000000e+03
2.351000000000000000e+03
2.352000000000000000e+03
2.353000000000000000e+03
2.354000000000000000e+03
2.355000000000000000e+03
2.356000000000000000e+03
2.357000000000000000e+03
2.358000000000000000e+03
2.359000000000000000e+03
2.360000000000000000e+03
2.361000000000000000e+03
2.362000000000000000e+03
2.363000000000000000e+03
2.364000000000000000e+03
2.365000000000000000e+03
2.366000000000000000e+03
2.367000000000000000e+03
2.877000000000000000e+03
2.878000000000000000e+03
2.879000000000000000e+03
2.880000000000000000e+03
2.881000000000000000e+03
2.882000000000000000e+03
2.883000000000000000e+03
2.884000000000000000e+03
2.885000000000000000e+03
2.886000000000000000e+03
2.887000000000000000e+03
2.888000000000000000e+03
2.889000000000000000e+03
2.890000000000000000e+03
2.891000000000000000e+03
2.892000000000000000e+03
2.893000000000000000e+03
2.894000000000000000e+03
2.895000000000000000e+03
2.896000000000000000e+03
2.897000000000000000e+03
2.898000000000000000e+03
2.899000000000000000e+03
2.900000000000000000e+03
2.901000000000000000e+03
2.902000000000000000e+03
2.903000000000000000e+03
2.904000000000000000e+03
2.905000000000000000e+03
2.906000000000000000e+03
2.907000000000000000e+03
2.908000000000000000e+03
2.909000000000000000e+03
2.910000000000000000e+03
2.911000000000000000e+03
2.912000000000000000e+03
2.913000000000000000e+03
2.914000000000000000e+03
2.915000000000000000e+03
2.916000000000000000e+03
2.917000000000000000e+03
2.918000000000000000e+03
2.919000000000000000e+03
2.920000000000000000e+03
2.921000000000000000e+03
2.922000000000000000e+03
2.923000000000000000e+03
2.924000000000000000e+03
2.925000000000000000e+03
2.926000000000000000e+03
2.927000000000000000e+03
2.928000000000000000e+03
2.929000000000000000e+03
2.930000000000000000e+03
2.931000000000000000e+03
2.932000000000000000e+03
2.933000000000000000e+03
2.934000000000000000e+03
2.935000000000000000e+03
2.936000000000000000e+03
2.937000000000000000e+03
2.938000000000000000e+03
2.939000000000000000e+03
2.940000000000000000e+03
2.941000000000000000e+03
2.942000000000000000e+03
2.943000000000000000e+03
3.453000000000000000e+03
3.454000000000000000e+03
3.455000000000000000e+03
3.456000000000000000e+03
3.457000000000000000e+03
3.458000000000000000e+03
3.459000000000000000e+03
3.460000000000000000e+03
3.461000000000000000e+03
3.462000000000000000e+03
3.463000000000000000e+03
3.464000000000000000e+03
3.465000000000000000e+03
3.466000000000000000e+03
3.467000000000000000e+03
3.468000000000000000e+03
3.469000000000000000e+03
3.470000000000000000e+03
3.471000000000000000e+03
3.472000000000000000e+03
3.473000000000000000e+03
3.474000000000000000e+03
3.475000000000000000e+03
3.476000000000000000e+03
3.477000000000000000e+03
3.478000000000000000e+03
3.479000000000000000e+03
3.480000000000000000e+03
3.481000000000000000e+03
3.482000000000000000e+03
3.483000000000000000e+03
3.484000000000000000e+03
3.485000000000000000e+03
3.486000000000000000e+03
3.487000000000000000e+03
3.488000000000000000e+03
3.489000000000000000e+03
3.490000000000000000e+03
3.491000000000000000e+03
3.492000000000000000e+03
3.493000000000000000e+03
3.494000000000000000e+03
3.495000000000000000e+03
3.496000000000000000e+03
3.497000000000000000e+03
3.498000000000000000e+03
3.499000000000000000e+03
3.500000000000000000e+03
3.501000000000000000e+03
3.502000000000000000e+03
3.503000000000000000e+03
3.504000000000000000e+03
3.505000000000000000e+03
3.506000000000000000e+03
3.507000000000000000e+03
3.508000000000000000e+03
3.509000000000000000e+03
3.510000000000000000e+03
3.511000000000000000e+03
3.512000000000000000e+03
3.513000000000000000e+03
3.514000000000000000e+03
3.515000000000000000e+03
3.516000000000000000e+03
3.517000000000000000e+03
3.518000000000000000e+03
3.519000000000000000e+03
4.029000000000000000e+03
4.030000000000000000e+03
4.031000000000000000e+03
4.032000000000000000e+03
4.033000000000000000e+03
4.034000000000000000e+03
4.035000000000000000e+03
4.036000000000000000e+03
4.037000000000000000e+03
4.038000000000000000e+03
4.039000000000000000e+03
4.040000000000000000e+03
4.041000000000000000e+03
4.042000000000000000e+03
4.043000000000000000e+03
4.044000000000000000e+03
4.045000000000000000e+03
4.046000000000000000e+03
4.047000000000000000e+03
4.048000000000000000e+03
4.049000000000000000e+03
4.050000000000000000e+03
4.051000000000000000e+03
4.052000000000000000e+03
4.053000000000000000e+03
4.054000000000000000e+03
4.055000000000000000e+03
4.056000000000000000e+03
4.057000000000000000e+03
4.058000000000000000e+03
4.059000000000000000e+03
4.060000000000000000e+03
4.061000000000000000e+03
4.062000000000000000e+03
4.063000000000000000e+03
4.064000000000000000e+03
4.065000000000000000e+03
4.066000000000000000e+03
4.067000000000000000e+03
4.068000000000000000e+03
4.069000000000000000e+03
4.070000000000000000e+03
4.071000000000000000e+03
4.072000000000000000e+03
4.073000000000000000e+03
4.074000000000000000e+03
4.075000000000000000e+03
4.076000000000000000e+03
4.077000000000000000e+03
4.078000000000000000e+03
4.079000000000000000e+03
4.080000000000000000e+03
4.081000000000000000e+03
4.082000000000000000e+03
4.083000000000000000e+03
4.084000000000000000e+03
4.085000000000000000e+03
4.086000000000000000e+03
4.087000000000000000e+03
4.088000000000000000e+03
4.089000000000000000e+03
4.090000000000000000e+03
4.091000000000000000e+03
4.092000000000000000e+03
4.093000000000000000e+03
4.094000000000000000e+03
4.095000000000000000e+03
4.605000000000000000e+03
4.606000000000000000e+03
4.607000000000000000e+03
