3.500000000000000000e+02 3.008997222506675229e+00
3.510000000000000000e+02 2.912825277390599599e+00
3.520000000000000000e+02 2.816616920096392196e+00
3.530000000000000000e+02 2.720597390506951818e+00
3.540000000000000000e+02 2.624991928505176375e+00
3.550000000000000000e+02 2.530025773973965997e+00
3.560000000000000000e+02 2.435924166796218149e+00
3.570000000000000000e+02 2.342912346854832073e+00
3.580000000000000000e+02 2.251215554032707011e+00
3.590000000000000000e+02 2.161059028212740429e+00
3.600000000000000000e+02 2.072668009277832457e+00
3.610000000000000000e+02 1.986267737110880782e+00
3.620000000000000000e+02 1.902083451594784869e+00
3.630000000000000000e+02 1.820340392612442848e+00
3.640000000000000000e+02 1.741263800046753962e+00
3.650000000000000000e+02 1.665078913780556169e+00
3.660000000000000000e+02 1.593197760779743177e+00
3.670000000000000000e+02 1.525128143855567497e+00
3.680000000000000000e+02 1.461067359073137784e+00
3.690000000000000000e+02 1.400905820209429553e+00
3.700000000000000000e+02 1.344761405697904255e+00
3.710000000000000000e+02 1.292739935179565425e+00
3.720000000000000000e+02 1.244984903214438665e+00
3.730000000000000000e+02 1.201592321073359448e+00
3.740000000000000000e+02 1.162633779802805023e+00
3.750000000000000000e+02 1.127942962342936006e+00
3.760000000000000000e+02 1.097175634458587012e+00
3.770000000000000000e+02 1.070013914837340430e+00
3.780000000000000000e+02 1.046049315163073201e+00
3.790000000000000000e+02 1.024929896455307077e+00
3.800000000000000000e+02 1.006214769539203857e+00
3.810000000000000000e+02 9.896015226320813429e-01
3.820000000000000000e+02 9.742421264251597268e-01
3.830000000000000000e+02 9.595226120971876993e-01
3.840000000000000000e+02 9.457029215717599469e-01
3.850000000000000000e+02 9.322751099654400520e-01
3.860000000000000000e+02 9.191268345630521086e-01
3.870000000000000000e+02 9.066786401077531199e-01
3.880000000000000000e+02 8.950970884191732369e-01
3.890000000000000000e+02 8.842041499019126505e-01
3.900000000000000000e+02 8.734591693719633287e-01
3.910000000000000000e+02 8.623650814845069679e-01
3.920000000000000000e+02 8.508396793418722126e-01
3.930000000000000000e+02 8.388640261223967443e-01
3.940000000000000000e+02 8.266367272098468222e-01
3.950000000000000000e+02 8.143163909555405366e-01
3.960000000000000000e+02 8.020854959031193943e-01
3.970000000000000000e+02 7.898077464919538437e-01
3.980000000000000000e+02 7.775772746711054895e-01
3.990000000000000000e+02 7.652207861785665921e-01
4.000000000000000000e+02 7.529589009560877511e-01
4.010000000000000000e+02 7.408704155480367870e-01
4.020000000000000000e+02 7.290543559738730250e-01
4.030000000000000000e+02 7.174995570993850658e-01
4.040000000000000000e+02 7.061262556701364268e-01
4.050000000000000000e+02 6.947286108226526924e-01
4.060000000000000000e+02 6.832272069052957031e-01
4.070000000000000000e+02 6.717107175789993612e-01
4.080000000000000000e+02 6.602640372140636815e-01
4.090000000000000000e+02 6.491499826294757636e-01
4.100000000000000000e+02 6.386591286233912479e-01
4.110000000000000000e+02 6.289186615658158841e-01
4.120000000000000000e+02 6.199513805425522772e-01
4.130000000000000000e+02 6.116385067783464136e-01
4.140000000000000000e+02 6.039008515603866423e-01
4.150000000000000000e+02 5.967962557516011124e-01
4.160000000000000000e+02 5.903989844140673515e-01
4.170000000000000000e+02 5.846164347337228229e-01
4.180000000000000000e+02 5.791490976518963718e-01
4.190000000000000000e+02 5.736400999576388715e-01
4.200000000000000000e+02 5.678584490601137347e-01
4.210000000000000000e+02 5.617317598193821704e-01
4.220000000000000000e+02 5.554309249663106351e-01
4.230000000000000000e+02 5.490149590072687102e-01
4.240000000000000000e+02 5.427116518317852689e-01
4.250000000000000000e+02 5.365360868509608805e-01
4.260000000000000000e+02 5.304140192618251870e-01
4.270000000000000000e+02 5.241047393280141575e-01
4.280000000000000000e+02 5.174166137520175290e-01
4.290000000000000000e+02 5.102513927914017478e-01
4.300000000000000000e+02 5.026703093786706322e-01
4.310000000000000000e+02 4.947939235171244787e-01
4.320000000000000000e+02 4.868171379635194973e-01
4.330000000000000000e+02 4.789518038368679731e-01
4.340000000000000000e+02 4.714117020025225813e-01
4.350000000000000000e+02 4.643188689141017900e-01
4.360000000000000000e+02 4.577678027020668505e-01
4.370000000000000000e+02 4.518486456430018117e-01
4.380000000000000000e+02 4.466623328456068021e-01
4.390000000000000000e+02 4.422782172541421253e-01
4.400000000000000000e+02 4.385517852783284432e-01
4.410000000000000000e+02 4.352326134090720444e-01
4.420000000000000000e+02 4.320679191157115184e-01
4.430000000000000000e+02 4.289163832025856826e-01
4.440000000000000000e+02 4.257127891388362007e-01
4.450000000000000000e+02 4.224591805527487809e-01
4.460000000000000000e+02 4.191440903300708842e-01
4.470000000000000000e+02 4.157465124091019315e-01
4.480000000000000000e+02 4.123235826555570749e-01
4.490000000000000000e+02 4.087948986210955260e-01
4.500000000000000000e+02 4.051430471930277943e-01
4.510000000000000000e+02 4.013559717884984668e-01
4.520000000000000000e+02 3.974166861104544979e-01
4.530000000000000000e+02 3.933257279890337021e-01
4.540000000000000000e+02 3.891530378858216177e-01
4.550000000000000000e+02 3.848434338209939520e-01
4.560000000000000000e+02 3.804199225051064781e-01
4.570000000000000000e+02 3.759003272667476581e-01
4.580000000000000000e+02 3.713241053400831992e-01
4.590000000000000000e+02 3.667630391768591513e-01
4.600000000000000000e+02 3.623044729223727778e-01
4.610000000000000000e+02 3.580713000438509042e-01
4.620000000000000000e+02 3.542030134693250343e-01
4.630000000000000000e+02 3.507533793510295705e-01
4.640000000000000000e+02 3.476438340224593526e-01
4.650000000000000000e+02 3.447006174969911019e-01
4.660000000000000000e+02 3.418007455728101496e-01
4.670000000000000000e+02 3.388802361220955017e-01
4.680000000000000000e+02 3.359134471771180741e-01
4.690000000000000000e+02 3.328912523365229470e-01
4.700000000000000000e+02 3.297824553301890171e-01
4.710000000000000000e+02 3.265734532426298187e-01
4.720000000000000000e+02 3.232537617038516720e-01
4.730000000000000000e+02 3.198398679786460530e-01
4.740000000000000000e+02 3.163249163954925947e-01
4.750000000000000000e+02 3.127160210870156276e-01
4.760000000000000000e+02 3.090113768314572962e-01
4.770000000000000000e+02 3.052195372137862517e-01
4.780000000000000000e+02 3.013547642485930322e-01
4.790000000000000000e+02 2.973409113921249292e-01
4.800000000000000000e+02 2.932193336630747882e-01
4.810000000000000000e+02 2.889949164515628888e-01
4.820000000000000000e+02 2.846882019270930986e-01
4.830000000000000000e+02 2.803574844097818097e-01
4.840000000000000000e+02 2.760635663115232341e-01
4.850000000000000000e+02 2.718996062299224303e-01
4.860000000000000000e+02 2.679388589009047417e-01
4.870000000000000000e+02 2.641867250066859407e-01
4.880000000000000000e+02 2.606074433771159438e-01
4.890000000000000000e+02 2.572008330531834197e-01
4.900000000000000000e+02 2.539770082182930544e-01
4.910000000000000000e+02 2.509812447583823491e-01
4.920000000000000000e+02 2.482524330475609220e-01
4.930000000000000000e+02 2.457457455512150890e-01
4.940000000000000000e+02 2.433776640565492033e-01
4.950000000000000000e+02 2.410717714432324132e-01
4.960000000000000000e+02 2.387728432692638458e-01
4.970000000000000000e+02 2.364469546615181050e-01
4.980000000000000000e+02 2.340707672927057059e-01
4.990000000000000000e+02 2.316390998404352641e-01
5.000000000000000000e+02 2.291389135043847280e-01
5.010000000000000000e+02 2.265645520148967251e-01
5.020000000000000000e+02 2.239187067569288481e-01
5.030000000000000000e+02 2.211979800196442469e-01
5.040000000000000000e+02 2.183940046846882255e-01
5.050000000000000000e+02 2.142274524923454826e-01
5.060000000000000000e+02 2.108993722529333703e-01
5.070000000000000000e+02 2.081473383825562240e-01
5.080000000000000000e+02 2.058367415061339578e-01
5.090000000000000000e+02 2.027386842428256786e-01
5.100000000000000000e+02 1.997638482406059179e-01
5.110000000000000000e+02 1.969460034100427581e-01
5.120000000000000000e+02 1.943189196616969538e-01
5.130000000000000000e+02 1.919163669061292044e-01
5.140000000000000000e+02 1.897721150539002088e-01
5.150000000000000000e+02 1.879199340155706943e-01
5.160000000000000000e+02 1.863935937017014155e-01
5.170000000000000000e+02 1.852268640228530439e-01
5.180000000000000000e+02 1.844535148895863341e-01
5.190000000000000000e+02 1.841073162124619578e-01
5.200000000000000000e+02 1.842220379020407250e-01
5.300000000000000000e+02 1.848314498688832241e-01
5.400000000000000000e+02 1.859693220235502931e-01
5.500000000000000000e+02 1.876694242766026033e-01
