20230117 250
20230117 251
20230117 267
20230117 268
20230117 277
20230117 278
20230117 287
20230117 288
20230117 299
20230117 300
20230117 318
20230117 319
20230117 327
20230117 328
20230117 336
20230117 337
20230117 350
20230117 351
20230117 365
20230117 366
20230117 377
20230117 378
20230117 391
20230117 392
20230117 413
20230117 414
20230117 422
20230117 423
20230117 431
20230117 432
20230117 440
20230117 441
20230117 449
20230117 450
20230117 459
20230117 460
20230117 469
20230117 470
20230117 478
20230117 479
20230117 488
20230117 489
20230117 498
20230117 499
20230117 507
20230117 508
20230117 516
20230117 517
20230117 526
20230117 527
20230117 536
20230117 537
20230117 545
20230117 546
20230117 554
20230117 555
20230117 563
20230117 564
20230117 572
20230117 573
20230117 591
20230117 592
20230117 600
20230117 601
20230117 609
20230117 610
20230117 618
20230117 619
20230117 634
20230117 635
20230117 648
20230117 649
20230117 662
20230117 663
20230117 671
20230117 672
20230117 680
20230117 681
20230117 689
20230117 690
