20230117 252
20230117 253
20230117 269
20230117 270
20230117 279
20230117 280
20230117 289
20230117 290
20230117 301
20230117 302
20230117 320
20230117 321
20230117 329
20230117 330
20230117 338
20230117 339
20230117 352
20230117 353
20230117 367
20230117 368
20230117 379
20230117 380
20230117 393
20230117 394
20230117 415
20230117 416
20230117 424
20230117 425
20230117 433
20230117 434
20230117 442
20230117 443
20230117 451
20230117 452
20230117 461
20230117 462
20230117 471
20230117 472
20230117 480
20230117 481
20230117 490
20230117 491
20230117 500
20230117 501
20230117 509
20230117 510
20230117 518
20230117 519
20230117 528
20230117 529
20230117 538
20230117 539
20230117 547
20230117 548
20230117 556
20230117 557
20230117 565
20230117 566
20230117 574
20230117 575
20230117 593
20230117 594
20230117 602
20230117 603
20230117 611
20230117 612
20230117 620
20230117 621
20230117 636
20230117 637
20230117 650
20230117 651
20230117 664
20230117 665
20230117 673
20230117 674
20230117 682
20230117 683
20230117 691
20230117 692
