20230117 238
20230117 239
20230117 243
20230117 244
20230117 248
20230117 249
20230117 265
20230117 266
20230117 275
20230117 276
20230117 285
20230117 286
20230117 297
20230117 298
20230117 316
20230117 317
20230117 325
20230117 326
20230117 334
20230117 335
20230117 348
20230117 349
20230117 363
20230117 364
20230117 375
20230117 376
20230117 389
20230117 390
20230117 411
20230117 412
20230117 420
20230117 421
20230117 429
20230117 430
20230117 438
20230117 439
20230117 447
20230117 448
20230117 457
20230117 458
20230117 467
20230117 468
20230117 476
20230117 477
20230117 486
20230117 487
20230117 496
20230117 497
20230117 505
20230117 506
20230117 514
20230117 515
20230117 524
20230117 525
20230117 534
20230117 535
20230117 543
20230117 544
20230117 552
20230117 553
20230117 561
20230117 562
20230117 570
20230117 571
20230117 589
20230117 590
20230117 598
20230117 599
20230117 607
20230117 608
20230117 616
20230117 617
20230117 632
20230117 633
20230117 646
20230117 647
20230117 660
20230117 661
20230117 669
20230117 670
20230117 678
20230117 679
20230117 687
20230117 688
