3.500000000000000000e+02 6.194709279500001248e-02
3.642857142857142776e+02 7.347491918336936101e-02
3.785714285714285552e+02 8.816059567682289766e-02
3.928571428571428896e+02 1.111394568368250513e-01
4.071428571428571672e+02 1.352720336056618122e-01
4.214285714285714448e+02 1.605467599779707988e-01
4.357142857142857224e+02 1.765683700169786152e-01
4.500000000000000000e+02 1.923322363199999607e-01
4.642857142857142776e+02 2.048724622080692059e-01
4.785714285714285552e+02 2.089290623869647368e-01
4.928571428571428896e+02 2.134225518123564480e-01
5.071428571428571104e+02 2.167066805975269295e-01
5.214285714285714448e+02 2.185483672982882208e-01
5.357142857142857792e+02 2.158960029410607329e-01
5.500000000000000000e+02 2.126706686719999351e-01
5.642857142857143344e+02 2.071428128855618556e-01
5.785714285714285552e+02 1.993539776775413719e-01
5.928571428571428896e+02 1.960887930924450628e-01
6.071428571428571104e+02 1.927210018925396562e-01
6.214285714285714448e+02 1.891716712719083426e-01
6.357142857142857792e+02 1.868413157129959479e-01
6.500000000000000000e+02 1.842436189439999872e-01
6.642857142857142208e+02 1.780436379904335176e-01
6.785714285714286689e+02 1.742597157642979955e-01
6.928571428571428896e+02 1.703080580999447591e-01
7.071428571428571104e+02 1.658652886669428894e-01
7.214285714285714448e+02 1.604270633308945981e-01
7.357142857142857792e+02 1.567941082173490430e-01
7.500000000000000000e+02 1.513516421759999731e-01
7.642857142857143344e+02 1.472916975853771904e-01
7.785714285714286689e+02 1.427035323672124767e-01
7.928571428571428896e+02 1.388435955378876097e-01
8.071428571428571104e+02 1.345981597270826391e-01
8.214285714285714448e+02 1.293827916764657138e-01
8.357142857142857792e+02 1.235846145261302320e-01
8.500000000000000000e+02 1.193244452400000072e-01
8.642857142857143344e+02 1.147150541653251532e-01
8.785714285714285552e+02 1.105431532935596400e-01
8.928571428571428896e+02 1.058221290564383688e-01
9.071428571428572241e+02 9.918782630825338786e-02
9.214285714285714448e+02 8.969295749960611019e-02
9.357142857142857792e+02 8.076449399781798766e-02
9.500000000000000000e+02 7.290484109999999240e-02
9.642857142857143344e+02 5.963380478533783502e-02
9.785714285714285552e+02 4.665156461616744299e-02
9.928571428571428896e+02 3.512918786241953778e-02
1.007142857142857224e+03 2.642990934728442834e-02
1.021428571428571445e+03 2.008776383011086353e-02
1.035714285714285779e+03 1.490419683662643803e-02
1.050000000000000000e+03 9.172301376000000991e-03
