200 1e-05
210 1e-05
220 1e-05
230 1e-05
240 1e-05
250 1e-05
260 1e-05
270 1e-05
280 1e-05
290 1e-05
300 1e-05
310 1e-05
320 1e-05
330 1e-05
340 1e-05
350 1e-05
360 1e-05
370 1e-05
380 1e-05
390 1e-05
400 1e-05
410 1e-05
420 1e-05
430 1e-05
440 1e-05
450 1e-05
460 1e-05
470 1e-05
480 1e-05
490 1e-05
500 1e-05
510 1e-05
520 1e-05
530 0.002837
540 0.1194
550 0.5076
560 0.8065
570 0.9217
580 0.9608
590 0.9755
600 0.9802
610 0.9826
620 0.9837
630 0.9836
640 0.9832
650 0.9826
660 0.982
670 0.9813
680 0.9805
690 0.9796
700 0.9786
710 0.9776
720 0.9765
730 0.9753
740 0.974
750 0.9726
760 0.9711
770 0.9697
780 0.9682
790 0.9668
800 0.9652
810 0.9633
820 0.9618
830 0.9607
840 0.9597
850 0.9589
860 0.9581
870 0.9573
880 0.9566
890 0.9559
900 0.9552
910 0.9546
920 0.954
930 0.9534
940 0.9529
950 0.9523
960 0.9518
970 0.9513
980 0.9508
990 0.9503
1000 0.9499
1010 0.9496
1020 0.9493
1030 0.9492
1040 0.949
1050 0.9489
1060 0.9488
1070 0.9487
1080 0.9487
1090 0.9486
1100 0.9486
1110 0.9486
1120 0.9487
1130 0.9488
1140 0.9489
1150 0.949
1160 0.9491
1170 0.9492
1180 0.9493
1190 0.9495
1200 0.9496
1250 0.9507
1300 0.9525
1350 0.9547
1400 0.9553
1450 0.9602
1500 0.9644
1550 0.9676
1600 0.9703
1650 0.9722
1700 0.9727
1750 0.9717
1800 0.97
1850 0.9678
1900 0.9655
1950 0.9632
2000 0.9609
2050 0.9585
2100 0.9558
2150 0.9519
2200 0.9385
2250 0.9335
2300 0.9356
2350 0.9353
2400 0.9316
2450 0.9254
2500 0.9186
2550 0.9112
2600 0.9015
2650 0.8864
2700 0.833
2750 0.4559
2800 0.3545
2850 0.3508
2900 0.363
2950 0.3684
3000 0.357
3050 0.3358
3100 0.3065
3150 0.2725
3200 0.2459
3250 0.2244
3300 0.2055
3350 0.1881
3400 0.1749
3450 0.166
3500 0.1599
3550 0.1546
3600 0.1533
3650 0.1558
3700 0.1601
3750 0.1653
3800 0.1725
3850 0.1806
3900 0.1878
3950 0.1905
4000 0.1842
4050 0.1706
4100 0.1507
4150 0.1305
4200 0.1098
4250 0.0879
4300 0.06225
4350 0.03942
4400 0.02259
4450 0.01125
4500 0.004721
4550 0.001845
4600 0.0007031
4650 0.0002704
4700 9.979e-05
4750 4.519e-05
4800 2.259e-05
4850 1.052e-05
4900 1e-05
4950 1e-05
5000 1e-05
5050 1e-05
5100 1e-05
5150 1e-05
