20230315 617
20230315 618
20230315 625
20230315 626
20230315 633
20230315 634
20230315 648
20230315 649
20230315 662
20230315 663
20230315 670
20230315 671
20230315 678
20230315 679
20230315 686
20230315 687
20230315 694
20230315 695
20230315 702
20230315 703
20230315 710
20230315 711
20230315 718
20230315 719
20230315 733
20230315 734
20230315 741
20230315 742
20230315 749
20230315 750
20230315 757
20230315 758
20230315 772
20230315 773
20230315 780
20230315 781
20230315 788
20230315 789
20230315 796
20230315 797
20230315 804
20230315 805
20230315 815
20230315 816
20230315 826
20230315 827
20230315 835
20230315 836
20230315 851
20230315 852
20230315 859
20230315 860
20230315 868
20230315 869
20230315 876
20230315 877
20230315 891
20230315 892
20230315 900
20230315 901
20230315 908
20230315 909
20230315 916
20230315 917
20230315 927
20230315 928
20230315 935
20230315 936
20230315 944
20230315 945
20230315 952
20230315 953
20230315 960
20230315 961
