20230131 219
20230131 220
20230131 228
20230131 229
20230131 237
20230131 238
20230131 247
20230131 248
20230131 259
20230131 260
20230131 268
20230131 269
20230131 280
20230131 281
20230131 289
20230131 290
20230131 298
20230131 299
20230131 310
20230131 311
20230131 319
20230131 320
20230131 328
20230131 329
20230131 337
20230131 338
20230131 346
20230131 347
20230131 358
20230131 359
20230131 368
20230131 369
20230131 377
20230131 378
20230131 386
20230131 387
20230131 395
20230131 396
20230131 407
20230131 408
20230131 416
20230131 417
20230131 425
20230131 426
20230131 434
20230131 435
20230131 443
20230131 444
20230131 455
20230131 456
20230131 465
20230131 466
20230131 474
20230131 475
20230131 483
20230131 484
20230131 492
20230131 493
20230131 504
20230131 505
20230131 513
20230131 514
20230131 543
20230131 544
20230131 552
20230131 553
20230131 561
20230131 562
20230131 570
20230131 571
20230131 579
20230131 580
20230131 588
20230131 589
20230131 597
20230131 598
20230131 606
20230131 607
20230131 615
20230131 616
20230131 624
20230131 625
20230131 638
20230131 639
20230131 647
20230131 648
20230131 656
20230131 657
20230131 665
20230131 666
20230131 681
20230131 682
20230131 695
20230131 696
20230131 704
20230131 705
20230131 720
20230131 721
20230131 734
20230131 735
20230131 743
20230131 744
20230131 754
20230131 755
20230131 783
20230131 784
20230131 790
20230131 791
