20230316 465
20230316 466
20230316 473
20230316 474
20230316 488
20230316 489
20230316 497
20230316 498
20230316 505
20230316 506
20230316 520
20230316 521
20230316 528
20230316 529
20230316 536
20230316 537
20230316 544
20230316 545
20230316 553
20230316 554
20230316 561
20230316 562
20230316 569
20230316 570
20230316 577
20230316 578
20230316 589
20230316 590
20230316 597
20230316 598
20230316 608
20230316 609
20230316 616
20230316 617
20230316 624
20230316 625
20230316 631
20230316 632
20230316 645
20230316 646
20230316 653
20230316 654
20230316 662
20230316 663
20230316 670
20230316 671
20230316 681
20230316 682
20230316 689
20230316 690
20230316 697
20230316 698
20230316 705
20230316 706
20230316 713
20230316 714
20230316 722
20230316 723
20230316 730
20230316 731
20230316 739
20230316 740
