20230201 387
20230201 388
20230201 396
20230201 397
20230201 405
20230201 406
20230201 414
20230201 415
20230201 423
20230201 424
20230201 435
20230201 436
20230201 444
20230201 445
20230201 453
20230201 454
20230201 462
20230201 463
20230201 471
20230201 472
20230201 480
20230201 481
20230201 490
20230201 491
20230201 499
20230201 500
20230201 508
20230201 509
20230201 517
20230201 518
20230201 529
20230201 530
20230201 539
20230201 540
20230201 548
20230201 549
20230201 560
20230201 561
20230201 569
20230201 570
20230201 578
20230201 579
20230201 587
20230201 588
20230201 596
20230201 597
20230201 605
20230201 606
20230201 614
20230201 615
20230201 623
20230201 624
20230201 632
20230201 633
20230201 641
20230201 642
20230201 650
20230201 651
20230201 659
20230201 660
20230201 668
20230201 669
20230201 677
20230201 678
20230201 686
20230201 687
20230201 695
20230201 696
