20230201 389
20230201 390
20230201 398
20230201 399
20230201 407
20230201 408
20230201 416
20230201 417
20230201 425
20230201 426
20230201 437
20230201 438
20230201 446
20230201 447
20230201 455
20230201 456
20230201 464
20230201 465
20230201 473
20230201 474
20230201 482
20230201 483
20230201 492
20230201 493
20230201 501
20230201 502
20230201 510
20230201 511
20230201 519
20230201 520
20230201 531
20230201 532
20230201 541
20230201 542
20230201 550
20230201 551
20230201 562
20230201 563
20230201 571
20230201 572
20230201 580
20230201 581
20230201 589
20230201 590
20230201 598
20230201 599
20230201 607
20230201 608
20230201 616
20230201 617
20230201 625
20230201 626
20230201 634
20230201 635
20230201 643
20230201 644
20230201 652
20230201 653
20230201 661
20230201 662
20230201 670
20230201 671
20230201 679
20230201 680
20230201 688
20230201 689
20230201 697
20230201 698
