20230201 391
20230201 392
20230201 400
20230201 401
20230201 409
20230201 410
20230201 418
20230201 419
20230201 427
20230201 428
20230201 439
20230201 440
20230201 448
20230201 449
20230201 457
20230201 458
20230201 466
20230201 467
20230201 475
20230201 476
20230201 484
20230201 485
20230201 494
20230201 495
20230201 503
20230201 504
20230201 512
20230201 513
20230201 521
20230201 522
20230201 533
20230201 534
20230201 543
20230201 544
20230201 552
20230201 553
20230201 564
20230201 565
20230201 573
20230201 574
20230201 582
20230201 583
20230201 591
20230201 592
20230201 600
20230201 601
20230201 609
20230201 610
20230201 618
20230201 619
20230201 627
20230201 628
20230201 636
20230201 637
20230201 645
20230201 646
20230201 654
20230201 655
20230201 663
20230201 664
20230201 672
20230201 673
20230201 681
20230201 682
20230201 690
20230201 691
20230201 699
20230201 700
