20230119 164
20230119 165
20230119 182
20230119 183
20230119 191
20230119 192
20230119 200
20230119 201
20230119 219
20230119 220
20230119 228
20230119 229
20230119 256
20230119 257
20230119 271
20230119 272
20230119 280
20230119 281
20230119 289
20230119 290
20230119 298
20230119 299
20230119 307
20230119 308
20230119 316
20230119 317
20230119 328
20230119 329
20230119 337
20230119 338
20230119 346
20230119 347
20230119 355
20230119 356
20230119 364
20230119 365
20230119 376
20230119 377
20230119 385
20230119 386
20230119 394
20230119 395
20230119 403
20230119 404
