20230119 162
20230119 163
20230119 180
20230119 181
20230119 189
20230119 190
20230119 198
20230119 199
20230119 217
20230119 218
20230119 226
20230119 227
20230119 254
20230119 255
20230119 269
20230119 270
20230119 278
20230119 279
20230119 287
20230119 288
20230119 296
20230119 297
20230119 305
20230119 306
20230119 314
20230119 315
20230119 326
20230119 327
20230119 335
20230119 336
20230119 344
20230119 345
20230119 353
20230119 354
20230119 362
20230119 363
20230119 374
20230119 375
20230119 383
20230119 384
20230119 392
20230119 393
20230119 401
20230119 402
