20230119 166
20230119 167
20230119 184
20230119 185
20230119 193
20230119 194
20230119 202
20230119 203
20230119 221
20230119 222
20230119 230
20230119 231
20230119 258
20230119 259
20230119 273
20230119 274
20230119 282
20230119 283
20230119 291
20230119 292
20230119 300
20230119 301
20230119 309
20230119 310
20230119 318
20230119 319
20230119 330
20230119 331
20230119 339
20230119 340
20230119 348
20230119 349
20230119 357
20230119 358
20230119 366
20230119 367
20230119 378
20230119 379
20230119 387
20230119 388
20230119 396
20230119 397
20230119 405
20230119 406
