20230118 209
20230118 210
20230118 218
20230118 219
20230118 228
20230118 229
20230118 250
20230118 251
20230118 265
20230118 266
20230118 275
20230118 276
20230118 289
20230118 290
20230118 301
20230118 302
20230118 314
20230118 315
20230118 323
20230118 324
20230118 339
20230118 340
20230118 348
20230118 349
20230118 357
20230118 358
20230118 376
20230118 377
20230118 397
20230118 398
20230118 409
20230118 410
20230118 421
20230118 422
20230118 433
20230118 434
20230118 446
20230118 447
20230118 456
20230118 457
20230118 465
20230118 466
20230118 474
20230118 475
20230118 484
20230118 485
20230118 503
20230118 504
20230118 541
20230118 542
20230118 556
20230118 557
20230118 565
20230118 566
20230118 574
20230118 575
20230118 583
20230118 584
20230118 592
20230118 593
20230118 601
20230118 602
20230118 610
20230118 611
20230118 619
20230118 620
20230118 628
20230118 629
20230118 637
20230118 638
20230118 646
20230118 647
20230118 655
20230118 656
20230118 664
20230118 665
20230118 673
20230118 674
20230118 682
20230118 683
20230118 691
20230118 692
20230118 700
20230118 701
20230118 709
20230118 710
20230118 723
20230118 724
20230118 732
20230118 733
20230118 741
20230118 742
20230118 755
20230118 756
