20230118 207
20230118 208
20230118 216
20230118 217
20230118 226
20230118 227
20230118 248
20230118 249
20230118 263
20230118 264
20230118 273
20230118 274
20230118 287
20230118 288
20230118 299
20230118 300
20230118 312
20230118 313
20230118 321
20230118 322
20230118 337
20230118 338
20230118 346
20230118 347
20230118 355
20230118 356
20230118 374
20230118 375
20230118 395
20230118 396
20230118 407
20230118 408
20230118 419
20230118 420
20230118 431
20230118 432
20230118 444
20230118 445
20230118 454
20230118 455
20230118 463
20230118 464
20230118 472
20230118 473
20230118 482
20230118 483
20230118 501
20230118 502
20230118 539
20230118 540
20230118 554
20230118 555
20230118 563
20230118 564
20230118 572
20230118 573
20230118 581
20230118 582
20230118 590
20230118 591
20230118 599
20230118 600
20230118 608
20230118 609
20230118 617
20230118 618
20230118 626
20230118 627
20230118 635
20230118 636
20230118 644
20230118 645
20230118 653
20230118 654
20230118 662
20230118 663
20230118 671
20230118 672
20230118 680
20230118 681
20230118 689
20230118 690
20230118 698
20230118 699
20230118 707
20230118 708
20230118 721
20230118 722
20230118 730
20230118 731
20230118 739
20230118 740
20230118 753
20230118 754
