20230118 211
20230118 212
20230118 220
20230118 221
20230118 230
20230118 231
20230118 252
20230118 253
20230118 267
20230118 268
20230118 277
20230118 278
20230118 291
20230118 292
20230118 303
20230118 304
20230118 316
20230118 317
20230118 325
20230118 326
20230118 341
20230118 342
20230118 350
20230118 351
20230118 359
20230118 360
20230118 378
20230118 379
20230118 399
20230118 400
20230118 411
20230118 412
20230118 423
20230118 424
20230118 435
20230118 436
20230118 448
20230118 449
20230118 458
20230118 459
20230118 467
20230118 468
20230118 476
20230118 477
20230118 486
20230118 487
20230118 505
20230118 506
20230118 543
20230118 544
20230118 558
20230118 559
20230118 567
20230118 568
20230118 576
20230118 577
20230118 585
20230118 586
20230118 594
20230118 595
20230118 603
20230118 604
20230118 612
20230118 613
20230118 621
20230118 622
20230118 630
20230118 631
20230118 639
20230118 640
20230118 648
20230118 649
20230118 657
20230118 658
20230118 666
20230118 667
20230118 675
20230118 676
20230118 684
20230118 685
20230118 693
20230118 694
20230118 702
20230118 703
20230118 711
20230118 712
20230118 725
20230118 726
20230118 734
20230118 735
20230118 743
20230118 744
20230118 757
20230118 758
