20230706 103
20230706 104
20230706 107
20230706 108
20230706 118
20230706 119
20230706 122
20230706 123
20230706 132
20230706 133
20230706 136
20230706 137
20230706 146
20230706 147
20230706 150
20230706 151
20230706 160
20230706 161
20230706 164
20230706 165
20230706 174
20230706 175
20230706 178
20230706 179
20230706 189
20230706 190
20230706 193
20230706 194
20230706 203
20230706 204
20230706 207
20230706 208
20230706 217
20230706 218
20230706 221
20230706 222
20230706 231
20230706 232
20230706 235
20230706 236
20230706 245
20230706 246
20230706 249
20230706 250
20230706 259
20230706 260
20230706 263
20230706 264
20230706 273
20230706 274
20230706 277
20230706 278
