20230704 268
20230704 269
20230704 272
20230704 273
20230704 282
20230704 283
20230704 286
20230704 287
20230704 296
20230704 297
20230704 300
20230704 301
20230704 310
20230704 311
20230704 314
20230704 315
20230704 324
20230704 325
20230704 328
20230704 329
20230704 338
20230704 339
20230704 342
20230704 343
20230704 352
20230704 353
20230704 356
20230704 357
20230704 366
20230704 367
20230704 370
20230704 371
20230704 390
20230704 391
20230704 394
20230704 395
20230704 409
20230704 410
20230704 413
20230704 414
20230704 423
20230704 424
20230704 427
20230704 428
20230704 437
20230704 438
20230704 441
20230704 442
