20210610 216
20210610 217
20210610 218
20210610 219
20210610 220
20210610 221
20210610 222
20210610 223
20210610 224
20210610 225
20210610 226
20210610 227
20210610 228
20210610 229
20210610 230
20210610 231
20210610 232
20210610 233
20210610 234
20210610 235
20210610 236
20210610 237
20210610 238
20210610 239
20210610 240
20210610 241
20210610 242
20210610 243
20210610 244
20210610 245
20210610 246
20210610 247
20210610 248
20210610 249
20210610 250
20210610 251
20210610 252
20210610 253
20210610 254
20210610 255
20210610 256
20210610 257
20210610 258
20210610 259
20210610 260
20210610 261
20210610 262
20210610 263
20210610 264
20210610 265
20210610 266
20210610 267
20210610 268
20210610 269
20210610 270
20210610 271
20210610 272
20210610 273
20210610 274
20210610 275
