20211005 1
20211005 2
20211005 3
20211005 4
20211005 5
20211005 6
20211005 7
20211005 8
20211005 9
20211005 10
20211005 11
20211005 12
20211005 13
20211005 14
20211005 15
20211005 16
20211005 17
20211005 18
20211005 19
20211005 20
20211005 21
20211005 22
20211005 23
20211005 24
20211005 25
20211005 26
20211005 27
20211005 28
20211005 29
20211005 30
20211005 31
20211005 32
20211005 33
20211005 34
20211005 35
20211005 36
20211005 37
20211005 38
20211005 39
20211005 40
20211005 41
20211005 42
20211005 43
20211005 44
20211005 45
20211005 46
20211005 47
20211005 48
20211005 49
20211005 50
20211005 51
20211005 52
20211005 53
20211005 54
20211005 55
20211005 56
20211005 57
20211005 58
20211005 59
20211005 60
20211005 61
20211005 62
20211005 117
20211005 317
20211005 318
20211005 319
20211005 320
20211005 321
20211005 322
20211005 323
20211005 324
20211005 325
20211005 326
20211005 327
20211005 328
20211005 329
20211005 330
20211005 331
20211005 332
20211005 333
20211005 334
20211005 335
20211005 336
20211005 337
20211005 338
20211005 339
20211005 340
20211005 341
20211005 342
20211005 343
20211005 344
20211005 345
20211005 346
20211005 347
20211005 348
20211005 349
20211005 350
20211005 351
20211005 352
20211005 353
20211005 354
20211005 355
20211005 356
20211005 357
20211005 358
20211005 359
20211005 360
20211005 361
20211005 362
20211005 363
20211005 364
20211005 365
20211005 366
20211005 367
20211005 368
20211005 369
20211005 370
20211005 371
20211005 372
20211005 373
20211005 374
20211005 375
20211005 376
20211005 377
20211005 378
20211005 379
20211005 380
20211005 381
20211005 382
20211005 383
20211005 384
20211005 385
20211005 386
20211005 387
20211005 388
20211005 389
20211005 390
20211005 391
20211005 392
20211005 393
20211005 423
20211005 424
20211005 425
20211005 426
20211005 427
20211005 428
20211005 429
20211005 430
20211005 431
20211005 432
20211005 433
20211005 434
20211005 435
20211005 436
20211005 437
20211005 438
20211005 439
20211005 440
20211005 441
20211005 442
20211005 443
20211005 444
20211005 445
20211005 446
20211005 447
20211005 448
20211005 449
20211005 567
20211005 568
20211005 569
20211005 570
20211005 571
20211005 572
20211005 573
20211005 574
20211005 575
20211005 576
20211005 577
20211005 578
20211005 579
20211005 580
20211005 581
20211005 582
20211005 583
20211005 584
20211005 585
20211005 586
20211005 587
20211005 588
20211005 589
20211005 590
20211005 591
20211005 592
20211005 593
20211005 594
20211005 595
20211005 596
20211005 597
20211005 598
20211005 599
20211005 600
20211005 601
20211005 602
20211005 603
20211005 604
20211005 605
20211005 606
20211005 607
20211005 608
20211005 609
20211005 610
20211005 611
20211005 612
20211005 613
20211005 614
20211005 615
20211005 616
20211005 617
20211005 618
20211005 619
20211005 620
20211005 621
20211005 622
20211005 623
20211005 624
20211005 625
20211005 626
20211005 627
20211005 628
20211005 629
20211005 630
20211005 631
20211005 632
20211005 633
20211005 634
20211005 635
20211005 636
20211005 637
20211005 638
20211005 639
20211005 640
20211005 641
20211005 642
20211005 643
20211005 644
20211005 645
20211005 646
20211005 647
20211005 648
20211005 649
