20210608 1
20210608 2
20210608 3
20210608 4
20210608 5
20210608 6
20210608 7
20210608 8
20210608 9
20210608 10
20210608 11
20210608 12
20210608 13
20210608 14
20210608 15
20210608 16
20210608 17
20210608 18
20210608 19
20210608 20
20210608 21
20210608 22
20210608 23
20210608 24
20210608 25
20210608 26
20210608 27
20210608 28
20210608 29
20210608 30
20210608 31
20210608 32
20210608 33
20210608 34
20210608 35
20210608 36
20210608 37
20210608 38
20210608 39
20210608 40
20210608 41
20210608 42
20210608 43
20210608 44
20210608 45
20210608 46
20210608 47
20210608 48
20210608 49
20210608 50
20210608 51
20210608 52
20210608 53
20210608 54
20210608 55
20210608 56
20210608 57
20210608 58
20210608 59
20210608 60
20210608 61
20210608 147
20210608 204
20210608 205
20210608 206
20210608 207
20210608 208
20210608 209
20210608 220
20210608 221
20210608 222
20210608 223
20210608 225
20210608 227
20210608 228
20210608 229
20210608 230
20210608 231
20210608 232
20210608 233
20210608 234
20210608 235
20210608 237
20210608 238
20210608 240
20210608 241
20210608 244
20210608 245
20210608 246
20210608 247
20210608 248
20210608 249
20210608 250
20210608 251
20210608 252
20210608 253
20210608 254
20210608 255
20210608 256
20210608 257
20210608 258
20210608 259
20210608 260
20210608 261
20210608 262
20210608 263
20210608 264
20210608 265
20210608 266
20210608 267
20210608 268
20210608 269
20210608 270
20210608 271
20210608 272
20210608 273
20210608 274
20210608 275
20210608 276
20210608 277
20210608 278
20210608 279
20210608 280
20210608 281
20210608 282
20210608 283
20210608 284
20210608 285
20210608 286
20210608 287
20210608 288
20210608 289
20210608 290
20210608 291
20210608 292
20210608 293
20210608 294
20210608 295
20210608 296
20210608 297
20210608 298
20210608 299
20210608 300
20210608 301
20210608 302
20210608 303
20210608 304
20210608 305
20210608 306
20210608 307
20210608 308
20210608 309
20210608 310
20210608 311
20210608 312
20210608 313
20210608 314
20210608 315
20210608 316
20210608 317
20210608 318
20210608 319
20210608 320
20210608 321
20210608 322
20210608 323
20210608 324
20210608 325
20210608 326
20210608 327
20210608 328
20210608 329
20210608 330
20210608 331
20210608 332
20210608 333
20210608 334
20210608 335
20210608 336
20210608 337
20210608 338
20210608 339
20210608 340
20210608 341
20210608 342
20210608 343
20210608 344
20210608 345
20210608 346
20210608 347
20210608 348
20210608 349
20210608 350
20210608 351
20210608 352
20210608 353
20210608 354
20210608 355
20210608 356
20210608 357
20210608 358
20210608 359
20210608 360
20210608 365
20210608 366
20210608 367
20210608 368
20210608 369
20210608 370
20210608 371
20210608 372
20210608 373
