20211103 440
20211103 441
20211103 447
20211103 448
20211103 449
20211103 450
20211103 451
20211103 452
20211103 453
20211103 454
20211103 455
20211103 456
20211103 459
20211103 460
20211103 461
20211103 462
20211103 465
20211103 466
20211103 467
20211103 468
20211103 471
20211103 472
20211103 473
20211103 474
20211103 477
20211103 478
20211103 479
20211103 480
20211103 483
20211103 484
20211103 485
20211103 486
20211103 489
20211103 490
20211103 491
20211103 492
20211103 495
20211103 496
20211103 497
20211103 498
20211103 501
20211103 502
20211103 503
20211103 504
20211103 507
20211103 508
20211103 509
20211103 510
20211103 513
20211103 514
20211103 515
20211103 516
20211103 519
20211103 520
20211103 521
20211103 522
20211103 525
20211103 526
20211103 527
20211103 528
20211103 531
20211103 532
20211103 533
20211103 534
20211103 537
20211103 538
20211103 539
20211103 540
20211103 543
20211103 544
20211103 545
20211103 546
20211103 552
20211103 553
20211103 556
20211103 557
20211103 558
20211103 559
20211103 562
20211103 563
20211103 564
20211103 565
20211103 568
20211103 569
20211103 570
20211103 571
20211103 574
20211103 575
20211103 576
20211103 577
20211103 580
20211103 581
20211103 582
20211103 583
20211103 586
20211103 587
20211103 588
20211103 589
20211103 592
20211103 593
20211103 594
20211103 595
20211103 598
20211103 599
20211103 600
20211103 601
20211103 604
20211103 605
20211103 606
20211103 607
20211103 610
20211103 611
20211103 612
20211103 613
20211103 687
20211103 688
20211103 691
20211103 692
20211103 693
20211103 694
20211103 697
20211103 698
20211103 699
20211103 700
20211103 703
20211103 704
20211103 705
20211103 706
20211103 709
20211103 710
20211103 711
20211103 712
20211103 715
20211103 716
20211103 717
20211103 718
20211103 721
20211103 722
20211103 723
20211103 724
20211103 727
20211103 728
20211103 729
20211103 730
20211103 733
20211103 734
20211103 735
20211103 736
20211103 739
20211103 740
20211103 741
20211103 742
