20211102 2
20211102 3
20211102 109
20211102 110
20211102 111
20211102 112
20211102 113
20211102 114
20211102 115
20211102 116
20211102 117
20211102 118
20211102 119
20211102 120
20211102 121
20211102 122
20211102 123
20211102 124
20211102 125
20211102 126
20211102 127
20211102 128
20211102 129
20211102 130
20211102 131
20211102 132
20211102 133
20211102 134
20211102 135
20211102 136
20211102 137
20211102 138
20211102 139
20211102 140
20211102 141
20211102 142
20211102 143
20211102 144
20211102 145
20211102 146
20211102 147
20211102 148
20211102 149
20211102 150
20211102 151
20211102 152
20211102 153
20211102 154
20211102 155
20211102 161
20211102 162
20211102 163
20211102 164
20211102 165
20211102 166
20211102 167
20211102 168
20211102 169
20211102 170
20211102 171
20211102 177
20211102 178
20211102 179
20211102 180
20211102 181
20211102 182
20211102 183
20211102 184
20211102 185
20211102 186
20211102 187
20211102 202
20211102 203
20211102 204
20211102 205
20211102 206
20211102 207
20211102 208
20211102 209
20211102 210
20211102 211
20211102 212
20211102 213
20211102 214
20211102 352
20211102 353
20211102 354
20211102 355
20211102 356
20211102 357
20211102 358
20211102 359
20211102 360
20211102 361
20211102 362
20211102 363
20211102 364
20211102 365
20211102 366
20211102 367
20211102 378
20211102 384
20211102 385
20211102 386
20211102 387
20211102 388
20211102 389
20211102 390
20211102 391
20211102 392
20211102 393
20211102 394
20211102 400
20211102 401
20211102 490
