20210311 156
20210311 157
20210311 158
20210311 159
20210311 160
20210311 161
20210311 162
20210311 163
20210311 164
20210311 165
20210311 166
20210311 167
20210311 169
20210311 170
20210311 171
20210311 172
20210311 173
20210311 174
20210311 175
20210311 176
20210311 177
20210311 185
20210311 186
20210311 187
20210311 188
20210311 189
20210311 190
20210311 191
20210311 192
20210311 193
20210311 200
20210311 201
20210311 202
20210311 203
20210311 204
20210311 205
20210311 206
20210311 207
20210311 208
20210311 209
20210311 210
20210311 211
20210311 212
20210311 213
20210311 214
20210311 215
20210311 216
20210311 217
20210311 218
20210311 219
20210311 220
20210311 221
20210311 222
20210311 223
20210311 224
20210311 225
20210311 226
20210311 227
20210311 228
20210311 229
20210311 230
20210311 231
20210311 232
20210311 233
20210311 234
20210311 235
20210311 236
20210311 237
20210311 238
20210311 239
20210311 240
20210311 241
20210311 242
20210311 243
20210311 244
20210311 245
20210311 246
20210311 247
20210311 248
20210311 249
20210311 250
20210311 251
20210311 252
20210311 253
20210311 254
20210311 255
20210311 256
20210311 257
20210311 258
20210311 259
20210311 260
20210311 261
20210311 262
20210311 263
20210311 264
20210311 265
20210311 266
20210311 267
20210311 268
20210311 269
20210311 270
20210311 271
20210311 272
20210311 273
20210311 274
20210311 275
20210311 276
20210311 277
20210311 278
20210311 279
20210311 280
20210311 281
20210311 282
20210311 283
20210311 284
20210311 285
20210311 286
20210311 287
20210311 288
20210311 289
20210311 290
20210311 291
20210311 292
20210311 293
20210311 294
20210311 295
20210311 296
20210311 297
20210311 298
20210311 299
20210311 300
20210311 301
20210311 302
20210311 303
20210311 304
