20210907 1
20210907 2
20210907 3
20210907 4
20210907 5
20210907 6
20210907 7
20210907 8
20210907 9
20210907 10
20210907 11
20210907 12
20210907 13
20210907 14
20210907 15
20210907 16
20210907 17
20210907 18
20210907 19
20210907 20
20210907 21
20210907 22
20210907 23
20210907 24
20210907 25
20210907 26
20210907 27
20210907 28
20210907 29
20210907 30
20210907 31
20210907 32
20210907 33
20210907 34
20210907 35
20210907 36
20210907 37
20210907 38
20210907 39
20210907 40
20210907 41
20210907 42
20210907 43
20210907 44
20210907 45
20210907 46
20210907 47
20210907 48
20210907 49
20210907 50
20210907 51
20210907 52
20210907 53
20210907 54
20210907 55
20210907 56
20210907 57
20210907 58
20210907 59
20210907 60
20210907 61
20210907 62
20210907 63
20210907 443
20210907 444
20210907 445
20210907 446
20210907 447
20210907 448
20210907 449
20210907 450
20210907 451
20210907 452
