20220215 3
20220215 281
20220215 282
20220215 283
20220215 284
20220215 285
20220215 286
20220215 287
20220215 288
20220215 289
20220215 290
20220215 291
20220215 292
20220215 293
20220215 294
20220215 295
20220215 296
20220215 297
20220215 298
20220215 299
20220215 300
20220215 301
20220215 302
20220215 303
20220215 304
20220215 305
20220215 306
20220215 312
20220215 313
20220215 314
20220215 315
20220215 317
20220215 318
20220215 319
20220215 320
20220215 321
20220215 322
20220215 327
20220215 513
20220215 516
20220215 517
20220215 518
20220215 519
20220215 520
20220215 521
20220215 522
20220215 523
20220215 524
20220215 525
20220215 526
20220215 527
20220215 532
20220215 533
20220215 534
20220215 535
20220215 536
20220215 537
20220215 542
20220215 543
20220215 544
20220215 545
20220215 546
20220215 547
20220215 552
20220215 553
20220215 554
20220215 555
20220215 556
20220215 557
20220215 562
20220215 563
20220215 564
20220215 565
20220215 566
20220215 567
20220215 572
20220215 573
20220215 574
20220215 575
20220215 580
20220215 581
