20210909 1
20210909 2
20210909 3
20210909 4
20210909 5
20210909 6
20210909 7
20210909 8
20210909 9
20210909 10
20210909 11
20210909 12
20210909 13
20210909 14
20210909 15
20210909 16
20210909 17
20210909 18
20210909 19
20210909 20
20210909 21
20210909 22
20210909 23
20210909 24
20210909 25
20210909 26
20210909 27
20210909 28
20210909 29
20210909 30
20210909 31
20210909 32
20210909 33
20210909 34
20210909 35
20210909 36
20210909 37
20210909 38
20210909 39
20210909 40
20210909 41
20210909 42
20210909 43
20210909 44
20210909 45
20210909 46
20210909 47
20210909 48
20210909 49
20210909 50
20210909 51
20210909 52
20210909 53
20210909 54
20210909 55
20210909 56
20210909 57
20210909 58
20210909 59
20210909 60
20210909 61
20210909 62
20210909 63
20210909 64
20210909 156
20210909 157
20210909 158
20210909 159
20210909 160
20210909 161
20210909 162
20210909 163
20210909 164
20210909 165
20210909 166
20210909 167
20210909 168
20210909 169
20210909 170
20210909 171
20210909 174
20210909 175
20210909 176
20210909 177
20210909 362
20210909 363
20210909 364
20210909 365
20210909 366
20210909 367
20210909 368
20210909 369
20210909 370
20210909 371
20210909 372
20210909 373
20210909 374
20210909 375
20210909 376
20210909 377
20210909 378
20210909 379
20210909 380
20210909 381
20210909 382
20210909 383
20210909 384
20210909 385
20210909 386
20210909 387
20210909 388
20210909 389
20210909 390
20210909 391
20210909 392
20210909 393
20210909 394
20210909 395
20210909 396
20210909 397
20210909 398
20210909 399
20210909 400
20210909 401
20210909 402
20210909 403
20210909 434
20210909 435
20210909 436
20210909 437
20210909 438
20210909 439
20210909 440
20210909 441
20210909 442
20210909 443
20210909 444
20210909 445
20210909 446
20210909 447
20210909 448
20210909 449
20210909 450
20210909 451
20210909 452
20210909 453
20210909 454
20210909 455
20210909 456
20210909 457
20210909 458
20210909 459
20210909 460
20210909 461
20210909 462
20210909 463
20210909 464
20210909 471
20210909 472
20210909 473
20210909 474
20210909 475
20210909 476
20210909 477
20210909 478
20210909 479
20210909 480
20210909 481
20210909 482
20210909 483
20210909 484
20210909 485
20210909 486
20210909 487
20210909 488
20210909 489
20210909 490
20210909 491
20210909 492
20210909 493
20210909 494
20210909 495
20210909 496
20210909 497
20210909 498
20210909 499
20210909 500
20210909 501
20210909 502
20210909 503
20210909 504
20210909 505
20210909 506
20210909 507
20210909 508
20210909 509
20210909 534
20210909 535
20210909 536
20210909 543
20210909 544
20210909 545
20210909 546
20210909 547
20210909 548
20210909 549
20210909 550
20210909 551
20210909 552
20210909 553
20210909 554
20210909 555
20210909 556
20210909 557
20210909 558
20210909 559
20210909 560
20210909 561
20210909 562
20210909 563
20210909 564
20210909 565
20210909 566
20210909 567
20210909 568
20210909 569
20210909 570
20210909 571
20210909 572
20210909 573
20210909 574
20210909 575
20210909 576
20210909 577
20210909 578
20210909 579
20210909 580
20210909 581
20210909 582
20210909 583
20210909 584
20210909 585
20210909 586
20210909 587
20210909 588
20210909 589
20210909 590
20210909 591
20210909 592
20210909 593
20210909 594
20210909 595
20210909 596
20210909 597
20210909 598
20210909 599
20210909 600
20210909 601
20210909 602
20210909 603
20210909 604
20210909 605
20210909 606
20210909 607
20210909 608
20210909 609
20210909 610
20210909 611
20210909 612
20210909 613
20210909 614
20210909 615
20210909 616
20210909 617
20210909 618
20210909 619
20210909 620
20210909 621
20210909 622
20210909 623
20210909 624
20210909 625
20210909 626
20210909 627
20210909 628
20210909 629
20210909 630
20210909 631
20210909 632
20210909 633
20210909 634
20210909 635
20210909 636
20210909 637
20210909 638
20210909 639
20210909 640
20210909 641
20210909 642
20210909 643
20210909 644
20210909 645
20210909 646
20210909 647
20210909 648
20210909 649
20210909 650
20210909 651
20210909 652
20210909 653
20210909 654
20210909 655
20210909 656
20210909 657
20210909 658
20210909 659
20210909 660
20210909 661
20210909 662
20210909 663
20210909 664
20210909 665
20210909 666
20210909 667
20210909 668
20210909 669
20210909 675
20210909 676
20210909 677
20210909 678
20210909 679
20210909 680
20210909 681
20210909 682
20210909 683
20210909 684
20210909 685
20210909 686
20210909 687
20210909 688
20210909 689
20210909 690
20210909 691
20210909 692
20210909 693
20210909 694
20210909 695
20210909 696
20210909 697
20210909 698
20210909 699
20210909 700
20210909 701
20210909 702
20210909 703
20210909 704
20210909 705
20210909 706
20210909 707
20210909 708
20210909 709
20210909 710
20210909 711
20210909 712
20210909 713
20210909 714
20210909 715
20210909 716
20210909 717
20210909 718
20210909 719
20210909 720
20210909 721
20210909 722
20210909 723
20210909 724
20210909 725
20210909 726
20210909 727
20210909 728
20210909 729
20210909 730
20210909 731
20210909 732
20210909 733
20210909 734
20210909 735
20210909 736
20210909 737
20210909 738
20210909 739
20210909 740
20210909 741
20210909 742
20210909 743
20210909 744
20210909 745
20210909 746
20210909 747
20210909 748
20210909 749
20210909 750
20210909 751
20210909 752
20210909 753
20210909 754
20210909 755
20210909 756
20210909 757
20210909 758
20210909 759
20210909 760
20210909 761
20210909 762
20210909 763
20210909 764
20210909 765
20210909 766
20210909 767
20210909 768
20210909 769
20210909 770
20210909 774
20210909 775
20210909 776
20210909 777
20210909 778
20210909 779
20210909 780
20210909 781
20210909 782
20210909 783
20210909 784
20210909 785
20210909 786
20210909 787
20210909 788
20210909 789
20210909 790
20210909 791
20210909 792
20210909 793
20210909 794
20210909 795
20210909 796
20210909 797
