20211104 1
20211104 2
20211104 3
20211104 4
20211104 5
20211104 6
20211104 7
20211104 8
20211104 9
20211104 10
20211104 11
20211104 12
20211104 13
20211104 14
20211104 15
20211104 16
20211104 17
20211104 18
20211104 19
20211104 20
20211104 21
20211104 22
20211104 23
20211104 24
20211104 25
20211104 26
20211104 27
20211104 28
20211104 29
20211104 30
20211104 31
20211104 32
20211104 33
20211104 34
20211104 35
20211104 36
20211104 37
20211104 38
20211104 39
20211104 40
20211104 41
20211104 42
20211104 43
20211104 44
20211104 45
20211104 46
20211104 47
20211104 48
20211104 49
20211104 50
20211104 51
20211104 52
20211104 53
20211104 54
20211104 55
20211104 56
20211104 57
20211104 58
20211104 59
20211104 60
20211104 128
20211104 129
20211104 130
20211104 131
20211104 132
20211104 133
20211104 134
20211104 135
20211104 136
20211104 137
20211104 138
20211104 139
20211104 140
20211104 141
20211104 142
20211104 143
20211104 144
20211104 254
20211104 255
20211104 256
20211104 257
20211104 258
20211104 259
20211104 260
20211104 261
20211104 262
20211104 263
20211104 264
20211104 265
20211104 266
20211104 267
20211104 268
20211104 269
20211104 270
20211104 271
20211104 272
20211104 273
20211104 274
20211104 275
20211104 287
20211104 288
20211104 289
20211104 499
20211104 500
20211104 501
20211104 502
20211104 503
20211104 504
20211104 505
20211104 506
20211104 507
20211104 508
20211104 509
20211104 510
20211104 511
20211104 512
20211104 513
20211104 514
20211104 515
20211104 516
20211104 517
20211104 518
20211104 519
20211104 520
20211104 521
20211104 522
20211104 523
20211104 524
20211104 525
20211104 526
20211104 527
20211104 528
20211104 529
20211104 530
20211104 531
20211104 532
20211104 533
20211104 534
20211104 535
20211104 536
20211104 537
20211104 538
20211104 539
20211104 540
20211104 541
20211104 542
20211104 543
20211104 544
20211104 545
20211104 546
20211104 547
20211104 548
20211104 549
20211104 550
20211104 551
20211104 552
20211104 553
20211104 554
20211104 555
20211104 556
20211104 557
20211104 558
20211104 559
20211104 560
20211104 561
20211104 562
20211104 563
20211104 564
20211104 565
20211104 566
20211104 567
20211104 568
20211104 569
20211104 570
20211104 571
20211104 572
20211104 573
20211104 574
20211104 575
20211104 576
