20211007 2
20211007 3
20211007 4
20211007 5
20211007 6
20211007 7
20211007 8
20211007 9
20211007 10
20211007 11
20211007 12
20211007 13
20211007 14
20211007 15
20211007 16
20211007 17
20211007 18
20211007 19
20211007 20
20211007 21
20211007 22
20211007 23
20211007 24
20211007 25
20211007 26
20211007 27
20211007 28
20211007 29
20211007 30
20211007 31
20211007 32
20211007 33
20211007 34
20211007 35
20211007 36
20211007 37
20211007 38
20211007 39
20211007 40
20211007 41
20211007 42
20211007 43
20211007 44
20211007 45
20211007 46
20211007 47
20211007 48
20211007 49
20211007 50
20211007 51
20211007 52
20211007 53
20211007 54
20211007 55
20211007 56
20211007 57
20211007 58
20211007 59
20211007 60
20211007 61
20211007 62
