20210707 215
20210707 216
20210707 217
20210707 218
20210707 219
20210707 220
20210707 221
20210707 222
20210707 223
20210707 224
20210707 225
20210707 226
20210707 227
20210707 228
20210707 229
20210707 230
20210707 231
20210707 232
20210707 233
20210707 234
20210707 235
20210707 236
20210707 237
20210707 238
20210707 239
20210707 240
20210707 241
20210707 242
20210707 243
20210707 244
20210707 245
20210707 246
20210707 247
20210707 248
20210707 249
20210707 250
20210707 251
20210707 252
20210707 253
20210707 254
20210707 255
20210707 256
20210707 257
20210707 258
20210707 259
20210707 260
20210707 261
20210707 262
20210707 263
20210707 264
20210707 265
20210707 266
20210707 267
20210707 268
20210707 269
20210707 270
20210707 271
20210707 272
20210707 273
20210707 274
20210707 275
20210707 276
20210707 277
20210707 278
20210707 279
20210707 280
20210707 281
20210707 282
20210707 283
20210707 284
20210707 285
20210707 286
20210707 287
20210707 288
20210707 289
20210707 290
20210707 291
20210707 292
20210707 293
20210707 294
20210707 295
20210707 296
20210707 297
20210707 298
20210707 299
20210707 300
20210707 301
20210707 302
20210707 303
20210707 304
20210707 305
20210707 306
20210707 307
20210707 308
20210707 309
20210707 315
20210707 316
20210707 317
20210707 318
20210707 319
20210707 320
20210707 321
20210707 322
20210707 323
20210707 324
20210707 325
20210707 326
20210707 327
20210707 328
20210707 329
20210707 330
20210707 331
20210707 332
20210707 333
20210707 334
20210707 335
20210707 336
20210707 337
20210707 338
20210707 339
20210707 340
20210707 341
20210707 342
20210707 343
20210707 344
20210707 345
20210707 346
20210707 347
20210707 348
20210707 349
20210707 350
20210707 351
20210707 352
20210707 353
20210707 354
20210707 355
20210707 356
20210707 357
20210707 358
20210707 359
20210707 360
20210707 361
20210707 362
20210707 363
20210707 364
20210707 365
20210707 367
