20210217 236
20210217 237
20210217 238
20210217 239
20210217 240
20210217 247
20210217 248
20210217 249
20210217 250
20210217 251
20210217 256
20210217 257
20210217 258
20210217 259
20210217 260
20210217 269
20210217 270
20210217 271
20210217 272
20210217 273
20210217 279
20210217 280
20210217 281
20210217 282
20210217 283
20210217 292
20210217 293
20210217 294
20210217 295
20210217 296
20210217 304
20210217 305
20210217 306
20210217 307
20210217 308
20210217 316
20210217 317
20210217 318
20210217 319
20210217 320
20210217 328
20210217 329
20210217 330
20210217 331
20210217 332
20210217 341
20210217 342
20210217 343
20210217 344
20210217 345
20210217 350
20210217 351
20210217 352
20210217 353
20210217 354
20210217 355
20210217 356
20210217 357
20210217 358
20210217 370
20210217 371
20210217 372
20210217 373
20210217 374
20210217 383
20210217 384
20210217 385
20210217 386
20210217 387
20210217 398
20210217 399
20210217 400
20210217 401
20210217 402
20210217 408
20210217 409
20210217 410
20210217 411
20210217 412
20210217 419
20210217 420
20210217 421
20210217 422
20210217 423
20210217 431
20210217 432
20210217 433
20210217 434
20210217 435
20210217 447
20210217 448
20210217 449
20210217 450
20210217 451
20210217 461
20210217 462
20210217 463
20210217 464
20210217 465
