20210218 201
20210218 202
20210218 203
20210218 204
20210218 205
20210218 209
20210218 210
20210218 211
20210218 212
20210218 213
20210218 229
20210218 230
20210218 231
20210218 232
20210218 233
20210218 244
20210218 245
20210218 246
20210218 247
20210218 248
20210218 256
20210218 257
20210218 258
20210218 259
20210218 260
20210218 274
20210218 275
20210218 276
20210218 281
20210218 282
20210218 283
20210218 284
20210218 285
20210218 301
20210218 302
20210218 303
20210218 304
20210218 305
20210218 310
20210218 311
20210218 312
20210218 313
20210218 314
20210218 326
20210218 327
20210218 328
20210218 329
20210218 330
20210218 331
20210218 332
20210218 342
20210218 343
20210218 344
20210218 345
20210218 346
20210218 347
20210218 348
20210218 357
20210218 358
20210218 359
20210218 360
20210218 361
20210218 362
20210218 363
20210218 373
20210218 374
20210218 375
20210218 376
20210218 377
20210218 378
20210218 379
20210218 392
20210218 393
20210218 394
20210218 395
20210218 396
20210218 397
20210218 398
20210218 407
20210218 408
20210218 409
20210218 410
20210218 411
20210218 412
20210218 413
20210218 422
20210218 423
20210218 424
20210218 425
20210218 426
20210218 427
20210218 428
20210218 437
20210218 438
20210218 439
20210218 440
20210218 441
20210218 442
20210218 443
20210218 453
20210218 454
20210218 455
20210218 456
20210218 457
20210218 458
20210218 459
20210218 471
20210218 472
20210218 473
20210218 474
20210218 475
20210218 476
20210218 477
20210218 486
20210218 487
20210218 488
20210218 489
20210218 490
20210218 491
20210218 492
20210218 511
20210218 512
20210218 513
20210218 514
20210218 515
20210218 516
20210218 517
20210218 531
20210218 532
20210218 533
20210218 534
20210218 535
20210218 536
20210218 537
20210218 547
20210218 548
20210218 549
20210218 550
20210218 551
20210218 552
20210218 553
20210218 556
20210218 557
20210218 558
20210218 559
20210218 560
20210218 561
20210218 562
20210218 563
20210218 564
20210218 565
20210218 566
20210218 567
20210218 568
20210218 569
20210218 570
20210218 571
20210218 572
20210218 573
20210218 574
20210218 575
20210218 576
20210218 577
20210218 578
20210218 579
20210218 580
20210218 581
20210218 582
20210218 583
20210218 584
20210218 585
20210218 586
20210218 587
20210218 588
20210218 589
20210218 591
20210218 592
20210218 593
20210218 594
20210218 604
20210218 605
20210218 606
20210218 607
20210218 608
20210218 609
20210218 610
20210218 621
20210218 622
20210218 623
20210218 624
20210218 625
20210218 626
20210218 627
20210218 634
20210218 635
20210218 636
20210218 637
20210218 638
20210218 639
20210218 640
20210218 654
20210218 655
20210218 656
20210218 657
20210218 662
20210218 663
20210218 664
20210218 665
20210218 666
20210218 667
20210218 668
20210218 681
20210218 682
20210218 683
20210218 684
20210218 685
20210218 686
20210218 687
