20220216 1
20220216 2
20220216 3
20220216 276
20220216 277
20220216 278
20220216 279
20220216 280
20220216 281
20220216 282
20220216 283
20220216 284
20220216 285
20220216 286
20220216 287
20220216 288
20220216 289
20220216 290
20220216 291
20220216 292
20220216 293
20220216 294
20220216 295
20220216 296
20220216 297
20220216 298
20220216 299
20220216 300
20220216 301
20220216 302
20220216 303
20220216 304
20220216 305
20220216 306
20220216 307
20220216 308
20220216 309
20220216 310
20220216 311
20220216 312
20220216 313
20220216 314
20220216 315
20220216 316
20220216 317
20220216 318
20220216 319
20220216 320
20220216 321
20220216 322
20220216 323
20220216 324
20220216 325
20220216 326
20220216 327
20220216 328
20220216 329
20220216 330
20220216 331
20220216 332
20220216 333
20220216 334
20220216 335
20220216 336
20220216 337
20220216 338
20220216 339
20220216 340
20220216 341
20220216 342
20220216 343
20220216 344
20220216 345
20220216 346
20220216 347
20220216 348
20220216 349
20220216 350
20220216 351
20220216 352
20220216 353
20220216 354
20220216 355
20220216 356
20220216 357
20220216 358
20220216 359
20220216 360
20220216 361
20220216 362
20220216 363
20220216 364
20220216 365
20220216 366
20220216 367
20220216 371
20220216 372
20220216 373
20220216 374
20220216 375
20220216 376
20220216 377
20220216 382
20220216 383
20220216 384
20220216 385
20220216 386
20220216 387
20220216 388
20220216 389
20220216 390
20220216 391
20220216 392
20220216 393
20220216 394
20220216 395
20220216 396
20220216 397
20220216 398
20220216 399
20220216 400
20220216 401
20220216 402
20220216 403
20220216 404
20220216 405
20220216 406
20220216 407
20220216 408
20220216 409
20220216 410
20220216 411
20220216 412
20220216 413
20220216 414
20220216 415
20220216 416
20220216 417
20220216 418
20220216 419
20220216 420
20220216 421
20220216 422
20220216 423
20220216 431
20220216 432
20220216 433
20220216 434
20220216 435
20220216 436
20220216 437
20220216 445
20220216 446
20220216 447
20220216 448
20220216 449
20220216 450
20220216 451
20220216 452
20220216 453
20220216 454
20220216 455
20220216 456
20220216 457
20220216 458
20220216 459
20220216 460
20220216 461
20220216 462
20220216 463
20220216 464
20220216 465
20220216 466
20220216 467
20220216 468
20220216 469
20220216 470
20220216 471
20220216 472
20220216 473
20220216 474
20220216 475
20220216 476
20220216 477
20220216 478
20220216 479
20220216 480
20220216 481
20220216 482
20220216 483
20220216 484
20220216 485
20220216 486
20220216 487
20220216 488
20220216 489
20220216 490
20220216 491
20220216 492
20220216 493
20220216 494
20220216 495
20220216 496
20220216 497
20220216 498
20220216 499
20220216 500
20220216 507
20220216 508
20220216 509
20220216 510
20220216 511
20220216 512
20220216 513
20220216 514
20220216 515
20220216 516
20220216 517
20220216 518
20220216 519
20220216 520
20220216 521
20220216 522
20220216 523
20220216 524
20220216 525
20220216 526
20220216 527
20220216 528
20220216 529
20220216 530
20220216 531
20220216 532
20220216 533
20220216 534
20220216 535
20220216 536
20220216 537
20220216 538
20220216 539
20220216 540
20220216 541
20220216 542
20220216 543
20220216 544
20220216 545
20220216 546
20220216 547
20220216 548
20220216 555
20220216 556
20220216 557
20220216 558
20220216 559
20220216 560
20220216 561
20220216 562
20220216 563
20220216 564
20220216 565
20220216 566
20220216 567
20220216 568
20220216 569
20220216 570
20220216 571
20220216 572
20220216 573
20220216 574
20220216 575
20220216 576
20220216 577
20220216 578
20220216 579
20220216 580
20220216 581
20220216 582
20220216 583
20220216 584
20220216 585
20220216 586
20220216 587
20220216 588
20220216 589
20220216 590
20220216 591
20220216 592
20220216 593
20220216 594
20220216 595
20220216 596
20220216 603
20220216 604
20220216 605
20220216 606
20220216 607
20220216 608
20220216 609
20220216 613
20220216 614
20220216 615
20220216 616
20220216 617
20220216 618
20220216 619
20220216 620
20220216 621
20220216 622
20220216 623
20220216 624
20220216 625
20220216 626
20220216 627
20220216 628
20220216 629
20220216 630
20220216 631
20220216 632
20220216 633
20220216 634
20220216 635
20220216 636
20220216 637
20220216 638
20220216 639
20220216 640
20220216 641
20220216 642
20220216 643
20220216 644
20220216 645
20220216 646
20220216 647
20220216 648
20220216 649
20220216 650
20220216 651
20220216 652
20220216 653
20220216 654
20220216 655
20220216 656
20220216 657
20220216 658
20220216 659
20220216 660
20220216 661
20220216 665
20220216 666
20220216 667
20220216 668
20220216 671
20220216 672
20220216 673
20220216 674
20220216 675
20220216 676
20220216 677
20220216 678
20220216 679
20220216 680
20220216 681
20220216 682
20220216 683
20220216 684
20220216 685
20220216 686
20220216 687
20220216 688
20220216 689
20220216 690
20220216 691
20220216 692
20220216 693
20220216 694
20220216 695
20220216 696
20220216 697
20220216 698
20220216 699
20220216 700
20220216 701
20220216 702
20220216 703
20220216 704
20220216 705
20220216 706
20220216 707
20220216 708
20220216 709
20220216 710
20220216 711
20220216 712
20220216 713
20220216 714
20220216 715
20220216 716
20220216 717
20220216 718
20220216 719
20220216 720
20220216 721
20220216 722
20220216 723
20220216 724
20220216 725
20220216 726
20220216 732
20220216 733
20220216 734
20220216 735
20220216 736
20220216 737
20220216 738
20220216 739
20220216 740
20220216 741
20220216 742
20220216 743
20220216 744
20220216 745
20220216 746
20220216 747
20220216 748
20220216 749
20220216 750
20220216 751
20220216 752
20220216 753
20220216 754
20220216 755
20220216 756
20220216 757
20220216 758
20220216 759
20220216 760
20220216 761
20220216 762
20220216 763
20220216 764
20220216 765
20220216 766
20220216 767
20220216 768
20220216 769
20220216 770
20220216 771
20220216 772
20220216 773
20220216 774
