20211006 2
20211006 3
20211006 4
20211006 5
20211006 6
20211006 7
20211006 8
20211006 9
20211006 10
20211006 11
20211006 12
20211006 13
20211006 14
20211006 15
20211006 16
20211006 17
20211006 18
20211006 19
20211006 20
20211006 21
20211006 22
20211006 23
20211006 24
20211006 25
20211006 26
20211006 27
20211006 28
20211006 29
20211006 30
20211006 31
20211006 32
20211006 33
20211006 34
20211006 35
20211006 36
20211006 37
20211006 38
20211006 39
20211006 40
20211006 41
20211006 42
20211006 43
20211006 44
20211006 45
20211006 46
20211006 47
20211006 48
20211006 49
20211006 50
20211006 51
20211006 52
20211006 53
20211006 54
20211006 55
20211006 56
20211006 57
20211006 58
20211006 59
20211006 60
20211006 61
20211006 62
20211006 63
20211006 179
20211006 180
20211006 181
20211006 182
20211006 183
20211006 184
20211006 185
20211006 186
20211006 187
20211006 188
20211006 189
20211006 190
20211006 197
20211006 198
20211006 199
20211006 200
20211006 201
20211006 202
20211006 203
20211006 204
20211006 208
20211006 209
20211006 210
20211006 211
20211006 212
20211006 213
20211006 214
20211006 215
20211006 218
20211006 219
20211006 220
20211006 221
20211006 222
20211006 223
20211006 224
20211006 225
20211006 226
20211006 227
20211006 228
20211006 229
20211006 230
20211006 231
20211006 232
20211006 233
20211006 234
20211006 235
20211006 236
20211006 237
20211006 238
20211006 239
20211006 240
20211006 241
20211006 242
20211006 243
20211006 244
20211006 245
20211006 246
20211006 247
20211006 248
20211006 249
20211006 250
20211006 251
20211006 252
20211006 253
20211006 254
20211006 255
20211006 256
20211006 257
20211006 258
20211006 259
20211006 260
20211006 261
20211006 262
20211006 263
20211006 264
20211006 265
20211006 266
20211006 267
20211006 268
20211006 269
20211006 270
20211006 271
20211006 272
20211006 273
20211006 274
20211006 275
20211006 276
20211006 277
20211006 278
20211006 279
20211006 280
20211006 281
20211006 282
20211006 283
20211006 284
20211006 285
20211006 286
20211006 287
20211006 288
20211006 289
20211006 290
20211006 291
20211006 292
20211006 293
20211006 294
20211006 295
20211006 296
20211006 297
20211006 298
20211006 299
20211006 300
20211006 301
20211006 302
20211006 303
20211006 304
20211006 305
20211006 306
20211006 307
20211006 308
20211006 309
20211006 310
20211006 311
20211006 312
20211006 313
20211006 314
20211006 315
20211006 316
20211006 317
20211006 318
20211006 319
20211006 320
20211006 321
20211006 322
20211006 323
20211006 324
20211006 325
20211006 326
20211006 327
20211006 328
20211006 329
20211006 330
20211006 331
20211006 332
20211006 333
20211006 334
20211006 335
20211006 336
20211006 337
20211006 338
20211006 339
20211006 340
20211006 341
20211006 342
20211006 343
20211006 344
20211006 345
20211006 346
20211006 347
20211006 348
20211006 349
20211006 350
20211006 351
20211006 352
20211006 353
20211006 354
20211006 355
20211006 356
20211006 357
20211006 358
20211006 359
20211006 360
20211006 361
20211006 362
20211006 363
20211006 364
20211006 365
20211006 366
20211006 367
20211006 368
20211006 369
20211006 370
20211006 371
20211006 372
20211006 373
20211006 374
20211006 375
20211006 376
20211006 377
20211006 378
20211006 379
20211006 380
20211006 381
20211006 382
20211006 383
20211006 384
20211006 385
20211006 386
20211006 387
20211006 388
20211006 389
20211006 390
20211006 391
20211006 392
20211006 393
20211006 394
20211006 395
20211006 396
20211006 397
20211006 398
20211006 399
20211006 400
20211006 401
20211006 402
20211006 403
20211006 404
20211006 405
20211006 406
20211006 407
20211006 408
20211006 409
20211006 410
20211006 411
20211006 412
20211006 413
20211006 414
20211006 415
20211006 416
20211006 417
20211006 418
20211006 419
20211006 420
20211006 421
20211006 422
20211006 423
20211006 424
20211006 425
20211006 426
20211006 427
20211006 434
20211006 435
20211006 436
20211006 437
20211006 438
20211006 439
20211006 440
20211006 441
20211006 442
20211006 443
20211006 445
20211006 446
20211006 447
20211006 448
20211006 449
20211006 450
20211006 451
20211006 452
20211006 453
20211006 454
20211006 455
20211006 456
20211006 457
20211006 458
20211006 459
20211006 460
20211006 461
20211006 462
20211006 463
20211006 464
20211006 465
20211006 466
20211006 467
20211006 468
20211006 469
20211006 470
20211006 471
20211006 472
20211006 473
20211006 474
20211006 475
20211006 476
20211006 477
