20210908 166
20210908 167
20210908 168
20210908 169
20210908 170
20210908 171
20210908 172
20210908 173
20210908 174
20210908 175
20210908 176
20210908 177
20210908 178
20210908 179
20210908 180
20210908 181
20210908 182
20210908 183
20210908 184
20210908 185
20210908 186
20210908 187
20210908 188
20210908 189
20210908 190
20210908 191
20210908 192
20210908 193
20210908 194
20210908 195
20210908 196
20210908 197
20210908 198
20210908 199
20210908 200
20210908 201
20210908 202
20210908 203
20210908 204
20210908 205
20210908 206
20210908 207
20210908 208
20210908 209
20210908 210
20210908 211
20210908 212
20210908 213
20210908 214
20210908 215
20210908 216
20210908 217
20210908 218
20210908 219
20210908 220
20210908 221
20210908 222
20210908 223
20210908 224
20210908 229
20210908 230
20210908 231
20210908 232
20210908 233
20210908 234
20210908 235
20210908 236
20210908 237
20210908 238
20210908 239
20210908 240
20210908 241
20210908 242
20210908 243
20210908 244
20210908 245
20210908 246
20210908 247
20210908 248
20210908 249
20210908 384
20210908 385
20210908 386
20210908 387
20210908 388
20210908 389
20210908 390
20210908 391
20210908 392
20210908 393
20210908 394
20210908 395
20210908 396
20210908 397
20210908 398
20210908 399
20210908 400
20210908 401
20210908 402
20210908 403
20210908 404
20210908 405
20210908 406
20210908 407
20210908 408
20210908 409
20210908 410
20210908 411
20210908 412
20210908 413
20210908 414
20210908 415
20210908 416
20210908 417
20210908 418
20210908 419
20210908 420
20210908 421
20210908 422
20210908 423
20210908 424
20210908 425
20210908 426
20210908 427
20210908 428
20210908 429
20210908 430
20210908 431
20210908 432
20210908 433
20210908 434
20210908 435
20210908 436
20210908 437
20210908 438
20210908 439
20210908 440
20210908 441
20210908 442
20210908 443
20210908 444
20210908 445
20210908 446
20210908 447
20210908 448
20210908 449
20210908 450
20210908 451
20210908 452
20210908 453
20210908 454
20210908 455
20210908 456
20210908 457
20210908 458
20210908 459
20210908 460
20210908 461
20210908 462
20210908 463
20210908 464
20210908 465
20210908 466
20210908 467
20210908 468
20210908 469
20210908 470
20210908 471
20210908 472
20210908 473
20210908 474
20210908 475
20210908 476
20210908 477
20210908 478
20210908 479
20210908 480
20210908 481
20210908 482
20210908 491
20210908 492
20210908 493
20210908 494
20210908 495
20210908 496
20210908 497
20210908 498
20210908 499
20210908 500
20210908 501
20210908 502
20210908 503
20210908 504
20210908 505
20210908 506
20210908 507
20210908 508
20210908 509
20210908 510
20210908 511
20210908 512
20210908 513
20210908 514
20210908 515
20210908 516
20210908 517
20210908 518
20210908 519
20210908 520
20210908 521
20210908 522
20210908 523
20210908 524
20210908 525
20210908 615
20210908 616
20210908 617
20210908 618
20210908 619
20210908 620
20210908 621
20210908 622
20210908 623
20210908 624
20210908 625
20210908 626
20210908 627
20210908 628
20210908 629
20210908 630
20210908 631
20210908 632
20210908 633
20210908 634
20210908 642
20210908 643
20210908 644
20210908 645
20210908 646
20210908 647
20210908 648
20210908 649
20210908 650
20210908 651
20210908 652
20210908 653
20210908 654
20210908 655
20210908 656
20210908 657
20210908 658
20210908 659
20210908 660
20210908 661
20210908 662
20210908 663
20210908 664
20210908 665
20210908 666
20210908 667
20210908 668
20210908 669
20210908 670
20210908 671
20210908 672
20210908 673
20210908 674
20210908 675
20210908 676
20210908 677
20210908 678
20210908 679
20210908 680
20210908 681
20210908 682
20210908 683
20210908 684
20210908 685
20210908 686
20210908 687
20210908 688
20210908 689
20210908 690
20210908 691
20210908 692
20210908 693
20210908 694
20210908 695
20210908 696
20210908 697
20210908 698
20210908 699
20210908 700
20210908 701
20210908 702
20210908 703
20210908 704
20210908 705
20210908 706
20210908 707
20210908 708
20210908 709
20210908 710
20210908 711
20210908 712
20210908 713
20210908 714
20210908 715
20210908 716
20210908 717
20210908 718
20210908 719
20210908 720
20210908 721
20210908 722
20210908 723
20210908 724
20210908 725
20210908 726
20210908 727
20210908 728
20210908 729
20210908 730
20210908 731
20210908 732
20210908 733
20210908 734
20210908 735
20210908 736
20210908 737
20210908 738
20210908 739
20210908 740
20210908 741
20210908 742
20210908 743
20210908 744
20210908 745
20210908 746
20210908 747
20210908 748
20210908 749
20210908 750
20210908 751
20210908 752
20210908 753
20210908 754
20210908 755
20210908 756
20210908 757
20210908 758
20210908 759
20210908 760
20210908 761
20210908 762
20210908 763
20210908 764
20210908 765
20210908 766
20210908 767
20210908 768
20210908 769
20210908 770
20210908 771
20210908 772
20210908 773
20210908 774
20210908 775
20210908 776
20210908 777
20210908 778
20210908 779
20210908 780
20210908 781
20210908 782
20210908 783
20210908 784
20210908 785
20210908 786
20210908 787
20210908 795
20210908 796
20210908 797
20210908 798
20210908 799
20210908 800
20210908 801
20210908 802
20210908 803
20210908 804
20210908 805
20210908 806
20210908 807
20210908 808
20210908 809
20210908 810
20210908 811
20210908 812
20210908 813
20210908 814
20210908 815
20210908 816
20210908 817
20210908 818
20210908 819
20210908 820
20210908 821
20210908 822
20210908 823
20210908 824
20210908 825
20210908 826
20210908 827
20210908 828
20210908 829
