20210216 155
20210216 157
20210216 158
20210216 159
20210216 174
20210216 175
20210216 176
20210216 181
20210216 183
20210216 184
20210216 186
20210216 191
20210216 193
20210216 194
20210216 196
20210216 198
20210216 201
20210216 203
20210216 205
20210216 209
20210216 210
20210216 211
20210216 212
20210216 213
20210216 214
20210216 215
20210216 216
20210216 217
20210216 218
20210216 219
20210216 220
20210216 221
20210216 222
20210216 223
20210216 224
20210216 225
20210216 226
20210216 227
20210216 228
20210216 229
20210216 230
20210216 231
20210216 232
20210216 233
20210216 234
20210216 235
20210216 236
20210216 237
20210216 238
20210216 239
20210216 240
20210216 241
20210216 242
20210216 243
20210216 244
20210216 245
20210216 246
20210216 247
20210216 248
20210216 249
20210216 262
20210216 263
20210216 264
