20230202 644
20230202 645
20230202 653
20230202 654
20230202 662
20230202 663
20230202 676
20230202 677
20230202 685
20230202 686
20230202 694
20230202 695
20230202 703
20230202 704
20230202 712
20230202 713
20230202 721
20230202 722
20230202 730
20230202 731
20230202 739
20230202 740
20230202 748
20230202 749
20230202 757
20230202 758
20230202 766
20230202 767
20230202 775
20230202 776
20230202 784
20230202 785
20230202 793
20230202 794
20230202 802
20230202 803
20230202 816
20230202 817
20230202 830
20230202 831
20230202 839
20230202 840
20230202 848
20230202 849
20230202 862
20230202 863
20230202 876
20230202 877
20230202 885
20230202 886
20230202 894
20230202 895
