20230202 646
20230202 647
20230202 655
20230202 656
20230202 664
20230202 665
20230202 678
20230202 679
20230202 687
20230202 688
20230202 696
20230202 697
20230202 705
20230202 706
20230202 714
20230202 715
20230202 723
20230202 724
20230202 732
20230202 733
20230202 741
20230202 742
20230202 750
20230202 751
20230202 759
20230202 760
20230202 768
20230202 769
20230202 777
20230202 778
20230202 786
20230202 787
20230202 795
20230202 796
20230202 804
20230202 805
20230202 818
20230202 819
20230202 832
20230202 833
20230202 841
20230202 842
20230202 850
20230202 851
20230202 864
20230202 865
20230202 878
20230202 879
20230202 887
20230202 888
20230202 896
20230202 897
