20230202 642
20230202 643
20230202 651
20230202 652
20230202 660
20230202 661
20230202 674
20230202 675
20230202 683
20230202 684
20230202 692
20230202 693
20230202 701
20230202 702
20230202 710
20230202 711
20230202 719
20230202 720
20230202 728
20230202 729
20230202 737
20230202 738
20230202 746
20230202 747
20230202 755
20230202 756
20230202 764
20230202 765
20230202 773
20230202 774
20230202 782
20230202 783
20230202 791
20230202 792
20230202 800
20230202 801
20230202 814
20230202 815
20230202 828
20230202 829
20230202 837
20230202 838
20230202 846
20230202 847
20230202 860
20230202 861
20230202 874
20230202 875
20230202 883
20230202 884
20230202 892
20230202 893
