20230215 273
20230215 274
20230215 275
20230215 276
20230215 277
20230215 278
20230215 279
20230215 280
20230215 281
20230215 282
20230215 294
20230215 295
20230215 299
20230215 300
20230215 304
20230215 305
20230215 309
20230215 310
20230215 314
20230215 315
20230215 319
20230215 320
20230215 324
20230215 325
20230215 329
20230215 330
20230215 334
20230215 335
20230215 339
20230215 340
20230215 344
20230215 345
20230215 349
20230215 350
20230215 354
20230215 355
20230215 359
20230215 360
20230215 364
20230215 365
20230215 369
20230215 370
20230215 374
20230215 375
20230215 379
20230215 380
20230215 384
20230215 385
20230215 389
20230215 390
20230215 394
20230215 395
20230215 399
20230215 400
20230215 404
20230215 405
20230215 409
20230215 410
20230215 415
20230215 416
20230215 421
20230215 422
20230215 426
20230215 427
20230215 431
20230215 432
20230215 436
20230215 437
20230215 441
20230215 442
20230215 446
20230215 447
20230215 451
20230215 452
20230215 460
20230215 461
20230215 465
20230215 466
20230215 470
20230215 471
20230215 475
20230215 476
